0 0.34229360306840617
1000 0.34279742072576136
2000 0.34566879547243223
3000 0.3457747226707376
4000 0.343835289447333
5000 0.34170953687619177
6000 0.3451092064699956
7000 0.3412798837974407
8000 0.3444996514683013
9000 0.3465829236162844
10000 0.34066571771513116
11000 0.34453231621714486
12000 0.3426845513778772
13000 0.34635119904509026
14000 0.3434643228117964
15000 0.34461783066256985
16000 0.34453875966538194
17000 0.34009554199094993
18000 0.34218104394775706
19000 0.34582945118704644
20000 0.348718282506007
21000 0.3455720798631826
22000 0.34368829263768885
23000 0.34343704681077086
24000 0.3471588312956328
25000 0.3451963089688487
26000 0.3436475666073494
27000 0.3449902392426224
28000 0.3440694276516448
29000 0.34346902646707156
30000 0.34656712151038027
31000 0.344499834687411
32000 0.34369130325019853
33000 0.3442671330733482
34000 0.34172079131932676
35000 0.3429357915646938
36000 0.34109077915231373
37000 0.3458805496923338
38000 0.34160057276596695
39000 0.3473235435700981
40000 0.34221449641096313
41000 0.34716494135202636
42000 0.34005475412179387
43000 0.3414166206403729
44000 0.3414232581437356
45000 0.3454019417693048
46000 0.34402081544518504
47000 0.34653151205306637
48000 0.3404479916004773
49000 0.34488411852032236
50000 0.346448146752789
51000 0.34493735512230855
52000 0.3443854223396417
53000 0.3435801087211804
54000 0.34127589997606944
55000 0.3492118141837851
56000 0.3423469213575243
57000 0.34220383264988063
58000 0.3482168028024506
59000 0.34337597037910905
60000 0.347495149151898
61000 0.3413168464430206
62000 0.34187827425649886
63000 0.34229735168688136
64000 0.3444565888594798
65000 0.34455343301595726
66000 0.34389704942438876
67000 0.34316934448328207
68000 0.34368618346114926
69000 0.341992255827904
70000 0.3462177562869186
71000 0.33928443412230797
72000 0.33976771081337576
73000 0.34472021503484823
74000 0.34143952444563147
75000 0.347416986617073
76000 0.3381646421407439
77000 0.3494439379966174
78000 0.34231560373867026
79000 0.34740449714218863
80000 0.33898014109038693
81000 0.3410191166149453
82000 0.34232206424659445
83000 0.3389037533915166
84000 0.34323808601863165
85000 0.3400134996577095
86000 0.34095018086647394
87000 0.338739473055562
88000 0.3362226606499452
89000 0.3429088126681347
90000 0.34489405389185945
91000 0.3408048606576342
92000 0.3425033339740785
93000 0.3433632581563296
94000 0.338965637186042
95000 0.34341729012211997
96000 0.3426950507266609
97000 0.3457679940832959
98000 0.3428152081314099
