0 0.33689065366967386
1000 0.3408589829561772
2000 0.3421362595949952
3000 0.3386164862694092
4000 0.34254737914320776
5000 0.3400012711744936
6000 0.3401254965479857
7000 0.3359614556383717
8000 0.33931706503203374
9000 0.3405033997707516
10000 0.3352425668106672
11000 0.34456025575291727
12000 0.3365085190996794
13000 0.3380505019776761
14000 0.33933835623217623
15000 0.3379447790427635
16000 0.3447498504500552
17000 0.3471288210374348
18000 0.34217701119368504
19000 0.33663335591979887
20000 0.33770500153506966
21000 0.3424359006886769
22000 0.3448997588310293
23000 0.341744631268554
24000 0.3381289593648823
25000 0.3385549263140827
26000 0.3402582149715234
27000 0.3376550597162694
28000 0.342947473177603
29000 0.3405796547487757
30000 0.34034491777618064
31000 0.338438051874508
32000 0.338584979156797
33000 0.3408118254694565
34000 0.3390565595245607
35000 0.3428504772335988
36000 0.34142395600843967
37000 0.34107035901890165
38000 0.3413846043155836
39000 0.33945255329672525
40000 0.3405856687373736
41000 0.34124534962102204
42000 0.3444258036671505
43000 0.34062807206531076
44000 0.3381104030040914
45000 0.34390470707199455
46000 0.33995763743079715
47000 0.3397981918984172
48000 0.3389679877689173
49000 0.34281484700318166
50000 0.3432538959804758
51000 0.341650051137287
52000 0.33651445414347964
53000 0.34109128438397823
54000 0.3405971866493725
55000 0.34079638881466784
56000 0.3456376738286197
57000 0.3398054637662412
58000 0.34209552872160237
59000 0.33622618011857325
60000 0.34084010797865216
61000 0.33829376638568415
62000 0.3403729060356173
63000 0.34117075185492624
64000 0.3396226652586487
65000 0.34521583466823286
66000 0.33974228056338474
67000 0.34416994295010583
68000 0.3432264207202285
69000 0.33895128108428013
70000 0.33657307085081384
71000 0.3371565242790348
72000 0.34479452089915213
73000 0.3382298196260163
74000 0.3399187049290335
75000 0.33744253468040114
76000 0.3412505503144726
77000 0.3414898448419873
78000 0.33736298064445264
79000 0.34301800975162355
80000 0.3400257023298084
81000 0.3408783270080834
82000 0.3403859598814827
83000 0.33815172955345874
84000 0.3392853908332046
85000 0.34148305432805687
86000 0.3347385801766745
87000 0.3433162269926375
88000 0.34596477524467867
89000 0.3397339586021934
90000 0.34340562137020375
91000 0.3368332741074345
92000 0.3447305294714309
93000 0.3412053039920417
94000 0.34032302470718434
95000 0.3425440958959595
96000 0.34279294100776014
97000 0.34198141042810337
98000 0.3433695100683077
