0 0.3086806486567591
1000 0.3008305108424373
2000 0.30707898481717344
3000 0.3020623194685365
4000 0.3004747786333927
5000 0.3016593811209142
6000 0.29601985027401667
7000 0.30051486750897816
8000 0.2987307682416718
9000 0.29528538685923267
10000 0.2975669803547467
11000 0.2955407220084315
12000 0.29390193566898853
13000 0.29154250503652773
14000 0.2953463203569464
15000 0.28760579128860503
16000 0.2910698288318854
17000 0.2905649622621981
18000 0.2905141858371723
19000 0.2897101077955123
20000 0.2886432939699412
21000 0.2881750730097498
22000 0.2927261018668608
23000 0.2881065955606557
24000 0.28923509921285995
25000 0.2844110126388067
26000 0.28683262412098587
27000 0.28348212872524314
28000 0.285021948795155
29000 0.2899068602815838
30000 0.28672229302024593
31000 0.28580643195566585
32000 0.28414552168449203
33000 0.2828942691226856
34000 0.2796808861025816
35000 0.27638957940598646
36000 0.281775568248235
37000 0.27922600985511703
38000 0.28219835764078904
39000 0.27616564693109685
40000 0.2808049083240077
41000 0.2809816631773272
42000 0.2753338660489446
43000 0.2800680624312834
44000 0.2732389859823709
45000 0.27170908779457964
46000 0.2762305525082953
47000 0.27163446581983824
48000 0.2729188167772719
49000 0.2742771254753064
50000 0.2713324681611711
51000 0.26728756812886506
52000 0.27171583398010946
53000 0.2678340636686149
54000 0.2678471184399194
55000 0.2670519618475657
56000 0.2703257266478887
57000 0.2645486922102936
58000 0.27015898001878047
59000 0.2699979757114637
60000 0.26684999120680075
61000 0.2612909676446798
62000 0.2642493094257282
63000 0.2627292064459113
64000 0.26635627203892304
65000 0.2613788188334274
66000 0.2600342817795865
67000 0.263917638770936
68000 0.2645184523216556
69000 0.2609257789523026
70000 0.258420976513345
71000 0.25877473974751214
72000 0.2618193248439145
73000 0.25800851861203694
74000 0.2559426018231701
75000 0.2581772206999102
76000 0.2595801362402318
77000 0.2575145426398413
78000 0.25799281187819223
79000 0.2563877013497302
80000 0.25523802009386015
81000 0.2574425671137161
82000 0.2604949711336781
83000 0.25515648765390186
84000 0.2556488668341431
85000 0.25520446414674014
86000 0.24949923185034842
87000 0.2531788223129599
88000 0.2521869578535371
89000 0.2511333685347992
90000 0.24955651144328525
91000 0.24892667100514337
92000 0.24718185319505687
93000 0.25050185819227627
94000 0.2496857835054176
95000 0.2516027565357608
96000 0.24578644327311863
97000 0.24748276947238043
98000 0.25252147740107683
