0 0.2926417292488414
1000 0.2932510233380585
2000 0.2892241528412016
3000 0.2827739232333048
4000 0.27580784966316574
5000 0.27345759925774055
6000 0.26407323564634605
7000 0.26610884210210445
8000 0.2580411122308639
9000 0.2537095394986043
10000 0.25440490225834056
11000 0.2432335642403235
12000 0.24266932530156257
13000 0.24542771622363946
14000 0.23911040071663886
15000 0.24106242582311777
16000 0.2322240192726385
17000 0.2306108889414366
18000 0.2310559660091493
19000 0.23053633553423844
20000 0.22370453821269343
21000 0.2280100889174262
22000 0.22234292392902755
23000 0.22229861608846704
24000 0.21636556912520846
25000 0.2128048840530267
26000 0.21274126058248982
27000 0.21260510206825198
28000 0.20867560524405074
29000 0.21125554587995155
30000 0.20900793775657
31000 0.20818616253096853
32000 0.2038860324688638
33000 0.2039624628935868
34000 0.1977826688013891
35000 0.19541396565419752
36000 0.19680261885400735
37000 0.19389072822153708
38000 0.19125522014186497
39000 0.18872391460665894
40000 0.18712795897008724
41000 0.18745825883783873
42000 0.18559980008795546
43000 0.18636996714064932
44000 0.18524062674386627
45000 0.1839585210584
46000 0.1832553380531142
47000 0.17963813726484532
48000 0.17751573143943436
49000 0.18287911885620378
50000 0.17794331103362723
51000 0.17817027873543037
52000 0.17822325765912958
53000 0.1736592181917036
54000 0.17328881130143614
55000 0.17348440129160153
56000 0.17286429601128014
57000 0.16915615179678986
58000 0.16929899507760793
59000 0.16902847706784155
60000 0.16896000047880616
61000 0.16667319998716326
62000 0.16867548227258045
63000 0.16679832184712062
64000 0.16596902782915726
65000 0.1647588674903787
66000 0.16663536861041997
67000 0.1617335114266364
68000 0.15958628036543487
69000 0.15993684880686035
70000 0.16316201011556283
71000 0.16184241196641339
72000 0.15980348441238412
73000 0.15941359531482777
74000 0.15752684435540482
75000 0.1598907777057701
76000 0.1551742602155061
77000 0.1579547818867536
78000 0.15388070308160537
79000 0.15405901545347236
80000 0.15174547720537887
81000 0.1554150176640309
82000 0.14990426906923246
83000 0.1510270782629525
84000 0.15128210977673523
85000 0.15021121868150059
86000 0.14952273330897467
87000 0.14912173406985568
88000 0.14667824331145415
89000 0.1492532808225266
90000 0.14603803016492026
91000 0.1501361284592862
92000 0.1486387684344795
93000 0.14579999031300475
94000 0.14759192964564682
95000 0.14473248818487794
96000 0.14433031425359666
97000 0.14751226318814867
98000 0.14333618702501466
