0 0.18754601743608226
1000 0.11681656023226225
2000 0.09574977640954091
3000 0.0859351787027221
4000 0.08157909413069085
5000 0.07687992818694844
6000 0.07245880214946485
7000 0.07044865832801671
8000 0.0696998533431471
9000 0.06913492487576355
10000 0.06641799434479843
11000 0.0665740895942282
12000 0.06526637837854339
13000 0.06460062801912439
14000 0.06394275341255902
15000 0.06261294896138814
16000 0.062389896284510235
17000 0.06154860400421188
18000 0.05994166661419593
19000 0.0616412607498531
20000 0.05986763090595721
21000 0.060287104080254575
22000 0.059769147983157876
23000 0.05968366639580774
24000 0.05743106859325121
25000 0.059018414674999
26000 0.058345811499145375
27000 0.059023788361035084
28000 0.05835397085563212
29000 0.058423478268176385
30000 0.05892111733948648
31000 0.0577725383024819
32000 0.05640119556434921
33000 0.05825844513166975
34000 0.05759346076936354
35000 0.05779376786631071
36000 0.05651917831158338
37000 0.056662568758044145
38000 0.05726953383608364
39000 0.05661257345783501
40000 0.05565304158572682
41000 0.05481986177428864
42000 0.05648363474841017
43000 0.05703236600664115
44000 0.05792282110686904
45000 0.056943365255926685
46000 0.05553393449653774
47000 0.056775905632035675
48000 0.05673726825602866
49000 0.05499103691154067
50000 0.05661810255293832
51000 0.05582775191250091
52000 0.055763834536273586
53000 0.05471236076974119
54000 0.05528796529118732
55000 0.05555529525085049
56000 0.055207533708448074
57000 0.055211003305055045
58000 0.054964307524373555
59000 0.054789321389341686
60000 0.05477127743495578
61000 0.056511688067367304
62000 0.05630488913243486
63000 0.05500844335583745
64000 0.055593597933195696
65000 0.05501671451081271
66000 0.05527930741316114
67000 0.05447278756581655
68000 0.05511097465223351
69000 0.054455182509192415
70000 0.0556706056877515
71000 0.05582910565484985
72000 0.05509665351059916
73000 0.05536863732930043
74000 0.05527527477971248
75000 0.05395394311907596
76000 0.05571640874316199
77000 0.05277777395817988
78000 0.05438782205368223
79000 0.05511410965311861
80000 0.054783228231209985
81000 0.055662724524637996
82000 0.055581136650816945
83000 0.05391120968206397
84000 0.052711167490142374
85000 0.05390845773998405
86000 0.054977880816592405
87000 0.054716760565044244
88000 0.053384637576931626
89000 0.055425698739058955
90000 0.0539362966617391
91000 0.05506167735385336
92000 0.05665123508521464
93000 0.054865546578446035
94000 0.054309185173392394
95000 0.05420187378659587
96000 0.052510537203723555
97000 0.054038505989124304
98000 0.05476878917049121
