0 0.3678485551514814
1000 0.3625536443993932
2000 0.3562630617250169
3000 0.35730255229703056
4000 0.36021720329720525
5000 0.3573348647310867
6000 0.355799245422791
7000 0.3578996627875566
8000 0.3530223356203036
9000 0.3557124310292135
10000 0.35134867421493565
11000 0.35430579447510546
12000 0.3581087780233312
13000 0.35444567392099946
14000 0.35428731784389816
15000 0.3556021583473119
16000 0.35593448134001704
17000 0.3492598105936824
18000 0.3519490553849536
19000 0.35019875235177444
20000 0.35052809382981936
21000 0.34891228093795645
22000 0.34704887405704504
23000 0.34836615765807155
24000 0.341651047828677
25000 0.34608062733454764
26000 0.3461789031457726
27000 0.3469199510945976
28000 0.3443834543804023
29000 0.34897724082097303
30000 0.3440101283209651
31000 0.34782761913500393
32000 0.3487386316581844
33000 0.3493289450172178
34000 0.33887064925759247
35000 0.345624564316962
36000 0.3466324172855644
37000 0.33916245409489354
38000 0.34207556880138074
39000 0.33996196937041384
40000 0.3396499419496191
41000 0.3377926466744907
42000 0.33805630525745295
43000 0.3419539827372892
44000 0.33469675475471916
45000 0.34185176438276116
46000 0.334172907068512
47000 0.33636869572812855
48000 0.3371951901094556
49000 0.3343718502168478
50000 0.3367124156262076
51000 0.33230113263823996
52000 0.3345940666153837
53000 0.3339871899643611
54000 0.3304918653088581
55000 0.32912023883975466
56000 0.3310594264733532
57000 0.3300832511195915
58000 0.33103533011096914
59000 0.32662633471299196
60000 0.3288716251109567
61000 0.3275675662420614
62000 0.332473000470648
63000 0.3244019886911433
64000 0.3280660808169523
65000 0.32783522942298615
66000 0.32290208865566555
67000 0.3274294690179405
68000 0.32818655085430526
69000 0.32597632226082707
70000 0.32617901296302887
71000 0.32567770553514125
72000 0.32430573060437706
73000 0.3265229733608052
74000 0.3250671671514271
75000 0.32468665170283406
76000 0.3236618906138497
77000 0.31741121500908126
78000 0.3189083161530934
79000 0.3195260792906047
80000 0.318405223811702
81000 0.32035006529258814
82000 0.321886832688272
83000 0.317057850584852
84000 0.3197437140491708
85000 0.3217115782300057
86000 0.31697753419872293
87000 0.31696538047207046
88000 0.3111212943569933
89000 0.3145970782906771
90000 0.317370130824625
91000 0.3129490227496951
92000 0.315067653363078
93000 0.31796814583390687
94000 0.3114447315381092
95000 0.31331885300863865
96000 0.31303138147767234
97000 0.30865071101424146
98000 0.3121722318782185
