0 0.3462481431489505
1000 0.3376932007667291
2000 0.3342824846700103
3000 0.3316723874854424
4000 0.3260000202241992
5000 0.32674443284936294
6000 0.32700576010970184
7000 0.3194265537255929
8000 0.3200490903938231
9000 0.31409283364810486
10000 0.3093336216994585
11000 0.30971588805227573
12000 0.3058966215247692
13000 0.30368981197589795
14000 0.3026738441169649
15000 0.3011826778367299
16000 0.29320430405683434
17000 0.2987709567155365
18000 0.29641034921526904
19000 0.2911650568711233
20000 0.28851913148251795
21000 0.28845131202497504
22000 0.2911316595003188
23000 0.28174529021110634
24000 0.28720624926440724
25000 0.28555635462040796
26000 0.2851392899726432
27000 0.28174203337137116
28000 0.2804681875164482
29000 0.282282450087235
30000 0.2796231418054177
31000 0.27534281953567125
32000 0.2752250977535702
33000 0.27664238541668956
34000 0.27344373747360295
35000 0.2747279107709963
36000 0.2749702409990413
37000 0.2719238936099475
38000 0.2713128110241335
39000 0.270340913552128
40000 0.2654899273527505
41000 0.2694706411513141
42000 0.2676062693758681
43000 0.2643446069781557
44000 0.2607301516467332
45000 0.26452981927050906
46000 0.2608895732325012
47000 0.2634532125225998
48000 0.26020170158327455
49000 0.26240153080081785
50000 0.2593664160886329
51000 0.2614788601278269
52000 0.25556035898708995
53000 0.25987285779719166
54000 0.2563884194202274
55000 0.2556946460681172
56000 0.2556949170970416
57000 0.25504040648147214
58000 0.25640929334121837
59000 0.25302552987798527
60000 0.25090952530071253
61000 0.25010953329046026
62000 0.24990587661108754
63000 0.25298042093512346
64000 0.2537589936291851
65000 0.252277067226154
66000 0.24923156310386788
67000 0.24854619170207623
68000 0.24869970506140632
69000 0.24700360874048935
70000 0.24692233866307473
71000 0.24556865863649555
72000 0.24689569702155986
73000 0.2477875915543477
74000 0.24504097467673336
75000 0.24905761536464324
76000 0.24333200787858256
77000 0.2456578159437872
78000 0.2485560375361403
79000 0.24318939590038532
80000 0.24409862795761986
81000 0.24220435388506545
82000 0.24348636905773002
83000 0.2323635209616484
84000 0.24464731147806953
85000 0.23812719193434112
86000 0.24221358330743278
87000 0.23562998891595416
88000 0.23941392100810308
89000 0.24195925638645716
90000 0.23759057770355557
91000 0.23615730987183575
92000 0.23517730912904014
93000 0.2369859387854502
94000 0.2341731936225208
95000 0.2347601543470558
96000 0.2403007336042914
97000 0.23927387691336016
98000 0.23376863408639728
