0 0.18993466982357685
1000 0.12028976373255995
2000 0.09833713169138093
3000 0.08907497256897097
4000 0.08111868010552603
5000 0.07566968060263213
6000 0.07232873349735618
7000 0.0708644474057418
8000 0.06852454222868064
9000 0.06710595368332664
10000 0.0673752665437373
11000 0.06533422066114798
12000 0.06541752755186457
13000 0.06339498699112363
14000 0.062157392347274326
15000 0.06182276640712711
16000 0.059782430312244894
17000 0.06166798056824932
18000 0.060444384036142995
19000 0.0598022184121925
20000 0.06020423436225045
21000 0.059348322084749355
22000 0.06016063771413799
23000 0.06062085056438133
24000 0.05822480453890869
25000 0.05799945451222773
26000 0.05869024036216615
27000 0.05792034473684481
28000 0.05864668375221069
29000 0.058274775889216285
30000 0.05640868800645162
31000 0.055593427189259546
32000 0.05639740614885836
33000 0.05751231111473543
34000 0.05741967061551836
35000 0.057605953517753716
36000 0.05568911503081231
37000 0.05721841237666938
38000 0.056228707462762886
39000 0.057330460445655734
40000 0.05636382668292521
41000 0.055241595991829054
42000 0.05710750971248669
43000 0.0564755397754688
44000 0.056357223246631935
45000 0.05570282079353359
46000 0.0563802433307471
47000 0.056172557536590624
48000 0.055438296374808044
49000 0.05862254373320842
50000 0.05550266726313763
51000 0.05663722210484483
52000 0.05496334392040099
53000 0.05578285739664311
54000 0.05549948676093766
55000 0.055948453493444045
56000 0.0560263056719804
57000 0.055413874414259705
58000 0.05661946926126252
59000 0.05536896247249975
60000 0.05566921197976902
61000 0.056405081163499175
62000 0.05587205430099914
63000 0.05453186349901218
64000 0.05477418512962989
65000 0.05613662079737001
66000 0.05498887784252073
67000 0.05444099537983252
68000 0.054486404432014864
69000 0.054205346123645415
70000 0.055136381658943225
71000 0.054781060875289125
72000 0.05421986112002749
73000 0.05442082814187635
74000 0.05470092779419031
75000 0.054235517184128924
76000 0.05596675247025715
77000 0.054269045709539186
78000 0.054935926257054506
79000 0.05411400260702998
80000 0.05518812731222163
81000 0.055582597738798215
82000 0.053368438968303844
83000 0.05481767993185377
84000 0.05449653871054513
85000 0.05391074755448388
86000 0.05273046617844983
87000 0.05427930313796491
88000 0.054503877720123155
89000 0.05474171096459898
90000 0.053592807827980246
91000 0.05370360787269617
92000 0.05267900485976243
93000 0.05437396255024374
94000 0.053711516030804436
95000 0.054441545673921586
96000 0.054371290715629114
97000 0.05480430293097006
98000 0.054762987837193355
