0 0.25287630012833723
1000 0.18276147135385315
2000 0.1517043438391977
3000 0.13376957109245527
4000 0.1220024425944128
5000 0.1095894437666922
6000 0.10778406051930267
7000 0.10260178634361694
8000 0.09765079293937841
9000 0.09449666663853144
10000 0.09276130441126805
11000 0.0897239033191421
12000 0.08779065274489596
13000 0.0880244379527439
14000 0.0844515890184841
15000 0.08408379875408001
16000 0.0826690295267293
17000 0.08214587937626805
18000 0.07792048792838423
19000 0.07946688281731717
20000 0.0807701209057422
21000 0.0759587375566833
22000 0.07699748022744186
23000 0.07715322524540377
24000 0.0766770015799973
25000 0.07336358187673658
26000 0.07654727641556168
27000 0.0746767055695802
28000 0.07495584387215447
29000 0.07396558172678805
30000 0.07449591016549861
31000 0.07442708593527744
32000 0.07387745351326454
33000 0.07353834974162787
34000 0.07279480318737189
35000 0.07129818671408328
36000 0.0726859557043592
37000 0.07085143410075746
38000 0.0709685199339259
39000 0.0718302133695034
40000 0.07007312861214285
41000 0.07209860974620783
42000 0.07140294651137681
43000 0.07009111272947131
44000 0.07018659903031593
45000 0.0691232866369109
46000 0.07044331158412467
47000 0.07157839443145779
48000 0.07005273740486632
49000 0.06972792229332087
50000 0.06930961617124053
51000 0.0700262963567562
52000 0.07068088172988779
53000 0.06933219795504655
54000 0.06842874625177674
55000 0.06868055577037235
56000 0.07082492686587018
57000 0.07200689526205646
58000 0.06843516736284899
59000 0.06823534185570897
60000 0.06831707934768523
61000 0.06755843785759294
62000 0.07000500147343053
63000 0.06792971234559253
64000 0.06907823456734073
65000 0.06819242071459888
66000 0.0681508645242575
67000 0.06665237286450308
68000 0.06674679869370706
69000 0.06698575157903139
70000 0.06826229057367136
71000 0.06921497463527293
72000 0.06818551804071449
73000 0.06705425972578605
74000 0.0658313010876493
75000 0.06682506863697238
76000 0.06710661784528994
77000 0.06734331212090686
78000 0.0671916942900447
79000 0.06770840020123685
80000 0.06771126775786335
81000 0.06491316439782277
82000 0.06547574566807929
83000 0.06659235307517654
84000 0.06515857202979065
85000 0.06630378635599458
86000 0.06683615489843615
87000 0.0661594571396236
88000 0.0647852458937408
89000 0.06544279578276598
90000 0.0653654099733995
91000 0.0652322802777573
92000 0.06561418724854512
93000 0.06637434625951535
94000 0.06602935940000268
95000 0.06547380839311065
96000 0.06500615513879683
97000 0.06664451537519796
98000 0.0669918214087187
