0 0.3104202929046258
1000 0.30827113536684353
2000 0.311328106821137
3000 0.30214600969621047
4000 0.3060592755972754
5000 0.29912484461718863
6000 0.3012933518647733
7000 0.3007635319925467
8000 0.30291133009718935
9000 0.2957324768901741
10000 0.30017824438971075
11000 0.3025962242473492
12000 0.2995500654429585
13000 0.30038187355358736
14000 0.29505240969242796
15000 0.29697296900128944
16000 0.30252172964879315
17000 0.29997032972341536
18000 0.29321141440768794
19000 0.29641053197667294
20000 0.29949607675470236
21000 0.2999040679865447
22000 0.2984968115188722
23000 0.2957815771320986
24000 0.29937989557294137
25000 0.29855480174420024
26000 0.3000772660945022
27000 0.2957588529472703
28000 0.29443444830255505
29000 0.299213638184743
30000 0.2961319449527284
31000 0.29798600271420594
32000 0.2974582224036688
33000 0.2976571706237035
34000 0.29831980953882353
35000 0.2989817312304416
36000 0.29397783218486295
37000 0.2953494004488211
38000 0.29569956108325784
39000 0.29930915378370665
40000 0.29791063989739663
41000 0.29793479596669975
42000 0.2966217756510753
43000 0.2994665489307716
44000 0.2972772754717282
45000 0.29615538382528706
46000 0.29858347577531735
47000 0.2965403351506544
48000 0.2959828406239472
49000 0.294542993685855
50000 0.2980933212352639
51000 0.29623222418940537
52000 0.2971461827259469
53000 0.29894693829623603
54000 0.2983611920992544
55000 0.30008800898804666
56000 0.29882051708269425
57000 0.2967937466465719
58000 0.2979836610736236
59000 0.3012382838662981
60000 0.29836084479361735
61000 0.2996252292750816
62000 0.30223739910969116
63000 0.2992163946201205
64000 0.2963734291114822
65000 0.3007377649992637
66000 0.29708772535146166
67000 0.3011806418241353
68000 0.2942348668942631
69000 0.29598987374496477
70000 0.29983276284261856
71000 0.29884955326152957
72000 0.29611501703127724
73000 0.30139821375181924
74000 0.29743687316341005
75000 0.2982102097251711
76000 0.30224729061535355
77000 0.2959283131424242
78000 0.29680236476678507
79000 0.3005394694548379
80000 0.297930971709486
81000 0.29646622870957845
82000 0.3005246160482181
83000 0.29875907673927654
84000 0.3011139070975448
85000 0.2951045067081076
86000 0.29823438793822155
87000 0.2983718095280057
88000 0.2996776941897058
89000 0.2988256237633175
90000 0.3058307157237137
91000 0.29714909816978663
92000 0.2983626681720323
93000 0.29744326924837794
94000 0.29584930752404015
95000 0.29726515896949174
96000 0.29677431854956754
97000 0.30008079666785414
98000 0.2980821403992637
