0 0.334530623269219
1000 0.3090713051450802
2000 0.2928328840911745
3000 0.2778481924708287
4000 0.2683585087395317
5000 0.26166521706938356
6000 0.24279160300508418
7000 0.24064261637120846
8000 0.22572061302231503
9000 0.2247439875642176
10000 0.2202549944826956
11000 0.21289674403109057
12000 0.2093723163700357
13000 0.2048924960705757
14000 0.19844689282202124
15000 0.19776215564293045
16000 0.19332048232111718
17000 0.18655093287286972
18000 0.18395055606502456
19000 0.18583019026981323
20000 0.18391849140792155
21000 0.17877090581510713
22000 0.1757003471334761
23000 0.17487444668327382
24000 0.17361580152125278
25000 0.17246062520476468
26000 0.1689219951709649
27000 0.16458520934957607
28000 0.16320706553679348
29000 0.1612327412753709
30000 0.15935419440061907
31000 0.1566732766100276
32000 0.16006109969050267
33000 0.1514778328945215
34000 0.1549170795702928
35000 0.15291434159801914
36000 0.15010043497113798
37000 0.1498749138053782
38000 0.14743930720239157
39000 0.14576005721720403
40000 0.15002421127850316
41000 0.145205445816655
42000 0.14554296009401377
43000 0.14589319279523172
44000 0.14250992943774105
45000 0.142482707536178
46000 0.14026342116684407
47000 0.13987100111131684
48000 0.14103107575521884
49000 0.1373820872762353
50000 0.14128816138198458
51000 0.1382341166005385
52000 0.13774403359512624
53000 0.13486728119262403
54000 0.1365589112690598
55000 0.13559334577356907
56000 0.13580809051269419
57000 0.1353212182378779
58000 0.13526474877869207
59000 0.1326781268794552
60000 0.13241968085169525
61000 0.1301516232667115
62000 0.1302803563141133
63000 0.12923171665572034
64000 0.13329612215949366
65000 0.12959010991053202
66000 0.12867460587717514
67000 0.1300736208306425
68000 0.1298989660417131
69000 0.12909685184890937
70000 0.1269772732591248
71000 0.12868793499127587
72000 0.12716642753931615
73000 0.1261826733166411
74000 0.12461163425095478
75000 0.12634524141218237
76000 0.12705623563478405
77000 0.12378141841175395
78000 0.12563978525093153
79000 0.12484222308281889
80000 0.12361475768981524
81000 0.12284766588861727
82000 0.12088761921627313
83000 0.1250102493797185
84000 0.12417005588659052
85000 0.12105624939448724
86000 0.12099577389830102
87000 0.12058501379211027
88000 0.12181825954493522
89000 0.1215336104400275
90000 0.12044528249868625
91000 0.12184438225119211
92000 0.12075339364029887
93000 0.12088051496746138
94000 0.11891186638290943
95000 0.11923435141691159
96000 0.11809316222876058
97000 0.1175850895690893
98000 0.11750273192327057
