0 0.33063187671394473
1000 0.3279206620028009
2000 0.32940679317865496
3000 0.32765649270129565
4000 0.3267157537778047
5000 0.3260740302071984
6000 0.32603370530171516
7000 0.32498542338790903
8000 0.32088311230614736
9000 0.32053173934580004
10000 0.3211419009436962
11000 0.32052332853663407
12000 0.3195997099922321
13000 0.3210395467960362
14000 0.31807390283214554
15000 0.31684291965790123
16000 0.31901739510661636
17000 0.318851647994838
18000 0.3136183200721124
19000 0.31521124887488816
20000 0.3134320006779481
21000 0.31213318707706134
22000 0.3136229927920413
23000 0.3087088891719389
24000 0.30765339553255294
25000 0.3132525391601914
26000 0.3127636636123692
27000 0.3112141723724168
28000 0.3085110879721057
29000 0.3084444067643548
30000 0.30792691006340034
31000 0.3124222989957544
32000 0.31173447393024384
33000 0.3077999399885013
34000 0.3066903915880879
35000 0.3022471983592618
36000 0.309965319638083
37000 0.3051707618456143
38000 0.30570798728924325
39000 0.3059333328168486
40000 0.3083213283770251
41000 0.3082311694401747
42000 0.3010813176261366
43000 0.30439853509145215
44000 0.3010677594674771
45000 0.29974897315370425
46000 0.29620322986890874
47000 0.30074502218474053
48000 0.3020569772468237
49000 0.3020907862831283
50000 0.2973994121748143
51000 0.30124978681629516
52000 0.3034879312300319
53000 0.29302841218700787
54000 0.295185957126563
55000 0.30245673905170445
56000 0.2984991283748068
57000 0.297882361112108
58000 0.30000809681837354
59000 0.29829499885667565
60000 0.3004955301069971
61000 0.2988419335920112
62000 0.296658760448116
63000 0.29854945404436456
64000 0.2965113321739709
65000 0.30112088684040433
66000 0.2951999665640861
67000 0.2969709069379281
68000 0.29482668747368573
69000 0.29722232270625065
70000 0.2941412622857784
71000 0.29655794340848524
72000 0.29355268572041293
73000 0.29304782031587256
74000 0.29433776369927256
75000 0.29228248510067906
76000 0.2950934170369057
77000 0.293589219918449
78000 0.2950410458278614
79000 0.2928037111537512
80000 0.2909851620772256
81000 0.29478333047194627
82000 0.2932476938359612
83000 0.2910738263362029
84000 0.29306173899015436
85000 0.29572553756606224
86000 0.2902490804271768
87000 0.2934133083065094
88000 0.29304157414541904
89000 0.2948801599796002
90000 0.29021418859669246
91000 0.29001152596964697
92000 0.2936474780654603
93000 0.29093604583111465
94000 0.28721901281772416
95000 0.28983926229008855
96000 0.2919235965251834
97000 0.28838145613018085
98000 0.289915239843423
