0 0.2998054111126505
1000 0.2533298429717064
2000 0.22701427271565566
3000 0.20392633465036045
4000 0.19263641990155264
5000 0.18187446546038377
6000 0.1701801316581751
7000 0.16136838407554602
8000 0.1553845020969552
9000 0.14593351117320968
10000 0.14275677593268069
11000 0.1381503937979745
12000 0.13463815604754906
13000 0.12644245537223217
14000 0.12505350140462188
15000 0.12281198413827137
16000 0.12094669709920026
17000 0.11949543718244346
18000 0.11851462230244379
19000 0.11637709925374365
20000 0.11522518435977698
21000 0.11296089392047591
22000 0.11068120602532197
23000 0.10956777291920422
24000 0.11105959934713225
25000 0.1067318636251459
26000 0.10684201351713714
27000 0.10529772965067177
28000 0.10271954374044472
29000 0.10420326171016672
30000 0.10162561602325233
31000 0.10070982649580379
32000 0.09928357004628971
33000 0.099562937651072
34000 0.0989894699722718
35000 0.09713735939143767
36000 0.09857663051155559
37000 0.09705416778492344
38000 0.09677993936192912
39000 0.09356490504446258
40000 0.09492627611484913
41000 0.09340289238063743
42000 0.09270083143305177
43000 0.09338728171154828
44000 0.09351209783767012
45000 0.09319800850475918
46000 0.09031233031820761
47000 0.09210864239638429
48000 0.09024074252301953
49000 0.09052441240141658
50000 0.08984086420885724
51000 0.0899087152944655
52000 0.09113999789071897
53000 0.08726431739799313
54000 0.08875372809658201
55000 0.08640921754090346
56000 0.08463847848855799
57000 0.0870180942381973
58000 0.08722007113500574
59000 0.08578382854592217
60000 0.08600615498669174
61000 0.08829838103530341
62000 0.08514444791119931
63000 0.08396295821044662
64000 0.08467906570949095
65000 0.08526075867295332
66000 0.08459569785231352
67000 0.08549034985358016
68000 0.08336926727090066
69000 0.08503081411151764
70000 0.08431278918279295
71000 0.08312905030625468
72000 0.08280245663219907
73000 0.08379458403050548
74000 0.08389171553247142
75000 0.0822764940859808
76000 0.08186215588524667
77000 0.08315915962036663
78000 0.0804586583109068
79000 0.07990732769689318
80000 0.0799753358867473
81000 0.08164477029249446
82000 0.0812496421856344
83000 0.08065678797201276
84000 0.07860146810442491
85000 0.07874939075486574
86000 0.07745042346898084
87000 0.07869558883991966
88000 0.0814483137367729
89000 0.08052344715103947
90000 0.0810387383625681
91000 0.08039856029634271
92000 0.07872248367562491
93000 0.07939012238259342
94000 0.07991242626887363
95000 0.0783309711908689
96000 0.0817473673059003
97000 0.07949253489511263
98000 0.07856842442131307
