0 0.27268668032994275
1000 0.2734734933202492
2000 0.2764009356943385
3000 0.2697507213829909
4000 0.27037272851567734
5000 0.268570744876044
6000 0.26888691036624157
7000 0.26157099183359306
8000 0.26264008876032563
9000 0.26078105331446316
10000 0.261877724517637
11000 0.25881807029142995
12000 0.2536247815305909
13000 0.25332203389660374
14000 0.25244549937025146
15000 0.2514930126201734
16000 0.2501880009347815
17000 0.24624260085171865
18000 0.24678522969113792
19000 0.2452770964833275
20000 0.2426254357688455
21000 0.24315171477529646
22000 0.2446040651496148
23000 0.24235275524530245
24000 0.23858005776509153
25000 0.2379277573171257
26000 0.23675747827747273
27000 0.23923130456324412
28000 0.23751956541533406
29000 0.2379053891772132
30000 0.23244740687410204
31000 0.23408755184211572
32000 0.2311295490915283
33000 0.230493794873699
34000 0.22848692353488656
35000 0.22707824085946593
36000 0.22864181512848755
37000 0.22646039630497594
38000 0.2234458084226988
39000 0.22146221113805523
40000 0.22453399834268692
41000 0.22352148527970833
42000 0.2230917514152291
43000 0.22219184253412322
44000 0.2226645686778027
45000 0.21813267626338242
46000 0.22019159914044228
47000 0.22007759218000647
48000 0.21572818463337662
49000 0.2170228271676199
50000 0.21400900973383752
51000 0.2131351874835977
52000 0.2176090428964304
53000 0.21411317483205444
54000 0.20810523405470716
55000 0.21465144642111345
56000 0.20954952499056123
57000 0.21180966064562287
58000 0.20588222866747216
59000 0.20827339650673402
60000 0.20322867614799023
61000 0.20253357983106862
62000 0.20867515156622307
63000 0.20578010485935141
64000 0.2061989968843865
65000 0.2035158152809571
66000 0.2010781433858287
67000 0.204385637555737
68000 0.20330473915216832
69000 0.20240068610631518
70000 0.1995752434068188
71000 0.20058847950050876
72000 0.20194128820990717
73000 0.20241900460873538
74000 0.20132792805856256
75000 0.1981817639402738
76000 0.1978914630584435
77000 0.20028399562479046
78000 0.1998863322256093
79000 0.19637085197381093
80000 0.19617266574274417
81000 0.19791536884565805
82000 0.19793904004451804
83000 0.19242117427164326
84000 0.19826472077404264
85000 0.19512865144096456
86000 0.1953031895781229
87000 0.19254863495167346
88000 0.19404243391949855
89000 0.1908070089473115
90000 0.19564723835220524
91000 0.19174022491786652
92000 0.19377088442676346
93000 0.1928875378734577
94000 0.19100164056987118
95000 0.18713911879867617
96000 0.18747062379790383
97000 0.1842683734260881
98000 0.19058885789189867
