0 0.289914241845334
1000 0.280334557768112
2000 0.26506682735941695
3000 0.26284706590099766
4000 0.24852314748052376
5000 0.24247216441048022
6000 0.22843130817643106
7000 0.22266018796628181
8000 0.21613863459745208
9000 0.21280012338956578
10000 0.20635627871248652
11000 0.20249891699431138
12000 0.19854928708097494
13000 0.1928017111787486
14000 0.18868636596736577
15000 0.18479817119829728
16000 0.18081156456954525
17000 0.17839769708193484
18000 0.17259049016370437
19000 0.17166201595611974
20000 0.17028831115124238
21000 0.16876855520322132
22000 0.16392791643899376
23000 0.16434227243917157
24000 0.159346218395034
25000 0.15912100087950032
26000 0.15634099340273336
27000 0.15349569757331627
28000 0.1513102175385051
29000 0.15040034537224847
30000 0.1497243278880176
31000 0.14744721023803903
32000 0.14548635502232624
33000 0.14357220150974043
34000 0.1411631369697083
35000 0.142740091961029
36000 0.14028235176345513
37000 0.13569651020167367
38000 0.13190492537867624
39000 0.13242156526640997
40000 0.13355752089140926
41000 0.13010792329589227
42000 0.13013851644098529
43000 0.13032932367655836
44000 0.1287311395111953
45000 0.1260502154583401
46000 0.12945028587782476
47000 0.12711611211017584
48000 0.12390029193248772
49000 0.12499206085579871
50000 0.12547286949430272
51000 0.1241303739516208
52000 0.12016051379958494
53000 0.1227066004840621
54000 0.11715843790960387
55000 0.11870920390579576
56000 0.11642674425025419
57000 0.11668422522179898
58000 0.11711175425581447
59000 0.11613054839295507
60000 0.1158883241764795
61000 0.11555082852271575
62000 0.1147566176354098
63000 0.1142135622775294
64000 0.11383345555990054
65000 0.11472206954191322
66000 0.1103420170363093
67000 0.11134980659678599
68000 0.11068834647565262
69000 0.10909046242193571
70000 0.10993451424942839
71000 0.11052705530102994
72000 0.10958255944308443
73000 0.10905366643077179
74000 0.10868779560302429
75000 0.11013423902803768
76000 0.1088961115087523
77000 0.10806614770955095
78000 0.10778450996458218
79000 0.10845640501316037
80000 0.10826601908770533
81000 0.10641693207456658
82000 0.1069283827439102
83000 0.10366021005810114
84000 0.10495594846101301
85000 0.10555876768325419
86000 0.10295515936867196
87000 0.10318253107163596
88000 0.10183915026806245
89000 0.10185866764294632
90000 0.10180848603313121
91000 0.1018831585056269
92000 0.10147241629451355
93000 0.10254994423707946
94000 0.10113200650740684
95000 0.09856637506866736
96000 0.09921020211498062
97000 0.09852971374077643
98000 0.09967205697168664
