0 0.32037887608724674
1000 0.3154801991900158
2000 0.3133081055903804
3000 0.3126534042575608
4000 0.3116383905786623
5000 0.31282316363167745
6000 0.3150369016857505
7000 0.30998810696476303
8000 0.31081079760294555
9000 0.3054163357872376
10000 0.30328386185525336
11000 0.30419383841923525
12000 0.30258229708976464
13000 0.30296508375287345
14000 0.30381379794551583
15000 0.29612657499371703
16000 0.2994306466107726
17000 0.29724004575222296
18000 0.2971648931664319
19000 0.296378701673577
20000 0.29579442237176357
21000 0.2962672492731186
22000 0.292001229364914
23000 0.29283695121925096
24000 0.29107552116737806
25000 0.2917960735830777
26000 0.2896489244587126
27000 0.29290821166425285
28000 0.2902000106596752
29000 0.29184110961609233
30000 0.28388243062809304
31000 0.2813018032797049
32000 0.28576288558449725
33000 0.284486771073307
34000 0.28500312149338
35000 0.2824611797466529
36000 0.2801411114167545
37000 0.28153499984169683
38000 0.28063899409574683
39000 0.27888104604533503
40000 0.27990233902347905
41000 0.275113601345845
42000 0.2774099696892922
43000 0.2772221864569372
44000 0.2734327988745805
45000 0.2753007327600921
46000 0.2774447268683342
47000 0.2703795682677891
48000 0.2719333526935404
49000 0.2741824014504089
50000 0.27292303673144774
51000 0.2649261773720848
52000 0.26646126306618984
53000 0.2667611855511131
54000 0.2638950698200745
55000 0.27012536327146064
56000 0.26614833459096243
57000 0.2633087479828784
58000 0.26207887037035654
59000 0.25850718559828256
60000 0.2576174660929544
61000 0.25971410694568947
62000 0.261904911132617
63000 0.25694765968542493
64000 0.2573902129644031
65000 0.25953142055925127
66000 0.26130816804404455
67000 0.25672524927844226
68000 0.25418203453782534
69000 0.251333816806722
70000 0.2579276237961549
71000 0.25508557218244016
72000 0.2558971432479427
73000 0.2518301363090887
74000 0.25227423983298186
75000 0.2513310720213093
76000 0.24822680498668412
77000 0.24446805618482942
78000 0.2468530640565696
79000 0.24693776717090865
80000 0.24503022459179796
81000 0.2491400618936587
82000 0.24382946631573926
83000 0.24447896599573876
84000 0.24045906987046742
85000 0.24528510991801647
86000 0.242004254986458
87000 0.2422598600993731
88000 0.2441345555317104
89000 0.23713275317087443
90000 0.2463301318832276
91000 0.24356197926049025
92000 0.24394926150647198
93000 0.2381333741697121
94000 0.23737643581679868
95000 0.23584265320814027
96000 0.23829832139812424
97000 0.23814502244304123
98000 0.23681410443236
