0 0.440290666044024
1000 0.4316602232969561
2000 0.42908968945954257
3000 0.4323326275725817
4000 0.431720145160877
5000 0.4308960240742261
6000 0.4341346946333819
7000 0.43216909932850966
8000 0.4284513753758429
9000 0.42583539713185525
10000 0.43195638719414153
11000 0.427795815841316
12000 0.4247288962263038
13000 0.42800440330479644
14000 0.4316800456843805
15000 0.4247705350835058
16000 0.4296301372144369
17000 0.43012505490151803
18000 0.4280909163852023
19000 0.4277677315068106
20000 0.4294755529235945
21000 0.42277737023893047
22000 0.43236015900880076
23000 0.42888008957251195
24000 0.42955361701908745
25000 0.4265087640921697
26000 0.42930090998022385
27000 0.4290696350172017
28000 0.4270078961717409
29000 0.42722304327165184
30000 0.42696467724793413
31000 0.4301314302150921
32000 0.4284477627371002
33000 0.4259577587917359
34000 0.4313820247117011
35000 0.4249471274649963
36000 0.4263431821289332
37000 0.4305177381874031
38000 0.4281599581358575
39000 0.42883048432654647
40000 0.427770141348364
41000 0.43201756403407665
42000 0.4298705989557988
43000 0.42963982008069046
44000 0.42859136092330635
45000 0.42833976266324436
46000 0.42868700137691484
47000 0.43306827985557406
48000 0.4297350125372922
49000 0.42825067905354486
50000 0.4287064089399522
51000 0.42623861089661885
52000 0.43107835053008486
53000 0.4271529212992533
54000 0.427306156082936
55000 0.42643129365018445
56000 0.4322942970038991
57000 0.4286323178300517
58000 0.4315479099560006
59000 0.42941582670610445
60000 0.4289926573645714
61000 0.4268872437494724
62000 0.43203272466022463
63000 0.43134645501459873
64000 0.43088438786822436
65000 0.4283632509803879
66000 0.4312343126468851
67000 0.4271206745100437
68000 0.4313789949640377
69000 0.4325171588438858
70000 0.4313935082618228
71000 0.42625804243875065
72000 0.4268729921955458
73000 0.4261914383346413
74000 0.4276575907993414
75000 0.42953005609769634
76000 0.4275982342300592
77000 0.432012018610241
78000 0.43250862965984377
79000 0.43215296254896707
80000 0.4316885155276593
81000 0.42895320562609385
82000 0.4276667025442007
83000 0.4318155108099541
84000 0.42724582994710153
85000 0.4247602052813309
86000 0.43450034584632424
87000 0.4294310209511799
88000 0.42415614984078437
89000 0.4261482323155146
90000 0.42720978592572734
91000 0.42868811946827207
92000 0.4257933151147264
93000 0.4229009309198966
94000 0.42731042662723717
95000 0.4345588098093679
96000 0.4297528954521495
97000 0.4285478619609615
98000 0.4308666367737392
