0 0.3437227198171046
1000 0.33678149685642744
2000 0.3362987780477835
3000 0.33668728911118895
4000 0.33386240271351675
5000 0.3314049814252363
6000 0.3335261714259651
7000 0.3368537665003399
8000 0.33298914300935145
9000 0.3346161166154436
10000 0.33339114617065596
11000 0.331409015177406
12000 0.3279995093934399
13000 0.3291317713292181
14000 0.3298061801424494
15000 0.33326206927438595
16000 0.33404799004021835
17000 0.3266029403392416
18000 0.3258407154477992
19000 0.3259572093813584
20000 0.32395128725607414
21000 0.3248425971519983
22000 0.3274397382902389
23000 0.32536732308474503
24000 0.3255358163266739
25000 0.3218623579969341
26000 0.32330997654533744
27000 0.3231031029548737
28000 0.3188579483880958
29000 0.32323082614261134
30000 0.32343780227962554
31000 0.3246731063689981
32000 0.3225244034968188
33000 0.32163588742467925
34000 0.3230255367961605
35000 0.31584078893893763
36000 0.316104043052728
37000 0.3186898049443548
38000 0.3201163383392187
39000 0.3182884330487441
40000 0.3144615377638127
41000 0.31641690864394734
42000 0.317935566847787
43000 0.3162917648428613
44000 0.3131543720736249
45000 0.31505734125927826
46000 0.3154208120554633
47000 0.3116456033236142
48000 0.3162953520054962
49000 0.31615658141134606
50000 0.3132293327584393
51000 0.31496868526067706
52000 0.31538870052562
53000 0.31675678052445616
54000 0.3123122760407351
55000 0.31559160789933854
56000 0.30762470115143103
57000 0.31092970651331225
58000 0.3133466801435945
59000 0.31095985590925584
60000 0.3094161084049826
61000 0.3145198702843511
62000 0.30992591406984565
63000 0.3064403102369949
64000 0.3082018474677798
65000 0.31145229721481194
66000 0.30735975273162525
67000 0.3077576916717627
68000 0.3048884653165079
69000 0.30479265068353883
70000 0.31067213524444914
71000 0.3041707643668628
72000 0.305140845181053
73000 0.31109844845130413
74000 0.29770200793519686
75000 0.3013561854263705
76000 0.2994513973694023
77000 0.3014211945852859
78000 0.2997650934595177
79000 0.30064812874475316
80000 0.3069995698383428
81000 0.3027526858947905
82000 0.3036974802045432
83000 0.302605654141136
84000 0.2991953150937412
85000 0.30226194497234976
86000 0.2987299165242652
87000 0.29795211841836017
88000 0.29894547988535686
89000 0.2986643489653779
90000 0.2958972396326551
91000 0.29756154468377943
92000 0.29980441907574884
93000 0.3014984137988986
94000 0.30083332619129644
95000 0.298976672892522
96000 0.29559975992047444
97000 0.29796310802614256
98000 0.2940978678140752
