0 0.23680753798151843
1000 0.17787535681404687
2000 0.1539256807077611
3000 0.13292545483788287
4000 0.12000181200522222
5000 0.11173441547142636
6000 0.10389692202752189
7000 0.09825209045068758
8000 0.0951088780725981
9000 0.09245711281387173
10000 0.08927929422339514
11000 0.08714523656192476
12000 0.08636156165842648
13000 0.08297073441106097
14000 0.08013176433395382
15000 0.08004748696460597
16000 0.07804336686320683
17000 0.07771885338234279
18000 0.07613899086322408
19000 0.07540543649632578
20000 0.07540469737966685
21000 0.07444746373898506
22000 0.07282969196554044
23000 0.07208000429461871
24000 0.07284791733553457
25000 0.07008497487514259
26000 0.07057912367536923
27000 0.07005472460085493
28000 0.06801594398073456
29000 0.06794950016139792
30000 0.06837980417726931
31000 0.06834800654967522
32000 0.0659710997800543
33000 0.0681000892289574
34000 0.06630735000147894
35000 0.06698672150469272
36000 0.06542266511547135
37000 0.06531621498940691
38000 0.06452659661665992
39000 0.06371242220927044
40000 0.06383832895732829
41000 0.06388615695511199
42000 0.06506217302266627
43000 0.06400310878207871
44000 0.06347318002577905
45000 0.06363180436441929
46000 0.06301067056214138
47000 0.06284361092319816
48000 0.06301704599589945
49000 0.062495410725305185
50000 0.06223177139608889
51000 0.061922461322432704
52000 0.06017513002004532
53000 0.061743559195325065
54000 0.060649786718728074
55000 0.060499680492293935
56000 0.06236535135016228
57000 0.062350521484865314
58000 0.06092544298804913
59000 0.06095433682397672
60000 0.06152258951224442
61000 0.06129485794347604
62000 0.0616666398807481
63000 0.059677648316549536
64000 0.059972007588266305
65000 0.05989150197028002
66000 0.06060870584991435
67000 0.060136043188602654
68000 0.0615122879815674
69000 0.060392317924079425
70000 0.05930505287725807
71000 0.05778590496757356
72000 0.059137832698112104
73000 0.05837359352769068
74000 0.05922708698844501
75000 0.05897659175225631
76000 0.057486197696310304
77000 0.059337966687916764
78000 0.05925582223603594
79000 0.05986851586311714
80000 0.058839723519886436
81000 0.05979020496373311
82000 0.058434780984978334
83000 0.05792529178437396
84000 0.05780644987910053
85000 0.05764146941298761
86000 0.05748357093284576
87000 0.057442931334471196
88000 0.05804328000228218
89000 0.05886063133772728
90000 0.05813230763236704
91000 0.05795683762410578
92000 0.05747536972870645
93000 0.05791579077815937
94000 0.05689577757879476
95000 0.05801530997734458
96000 0.05788630770033576
97000 0.05785207660887382
98000 0.056942896246585356
