0 0.30635652404735686
1000 0.3042259273267187
2000 0.3031224251620908
3000 0.2988017349197368
4000 0.29935327148542973
5000 0.2959811322722951
6000 0.30130099013324363
7000 0.2935757366214527
8000 0.2939954330358072
9000 0.29260162293286635
10000 0.2908515065239381
11000 0.29390509912129603
12000 0.2909690384005359
13000 0.2886368131216313
14000 0.293178351682419
15000 0.2926987064022891
16000 0.2904800060952852
17000 0.29164528948205826
18000 0.2898400373253287
19000 0.29463555122354584
20000 0.2923169974967005
21000 0.29240962743471705
22000 0.2867483638011316
23000 0.29155870348854784
24000 0.29067426061142493
25000 0.292343669419936
26000 0.2930660515767055
27000 0.29024345591292233
28000 0.286612382909998
29000 0.2930056330889829
30000 0.2876216101651928
31000 0.29122351409975783
32000 0.2931891580429081
33000 0.292122836889369
34000 0.2932880389523497
35000 0.2938915183729613
36000 0.29025707634978576
37000 0.2935735466775647
38000 0.2896864604438053
39000 0.2927211640021577
40000 0.29333052896549067
41000 0.2881262174989254
42000 0.2905257278511384
43000 0.2885337678856882
44000 0.2918757554358022
45000 0.300296871638803
46000 0.2922150958555473
47000 0.2901009902756885
48000 0.2927596233167858
49000 0.2919538987459421
50000 0.28975984108822345
51000 0.2907801265292215
52000 0.2885263657093
53000 0.2920926941774989
54000 0.2895313098738351
55000 0.29222662857503334
56000 0.2913446133677214
57000 0.28947958361783876
58000 0.29387809957776756
59000 0.2967237949989519
60000 0.29167042881141775
61000 0.2952395380319088
62000 0.2923897682449702
63000 0.29234934772279153
64000 0.29020602327614375
65000 0.29200173719290207
66000 0.2969251539500157
67000 0.2938637169085271
68000 0.28910972708595567
69000 0.2946629275825866
70000 0.29080098307454805
71000 0.2891596814797505
72000 0.2927459007174036
73000 0.29189285941646914
74000 0.29448552404189654
75000 0.29519329417362095
76000 0.291559674671606
77000 0.28829947087931734
78000 0.2918080616065469
79000 0.2931906948879399
80000 0.2909406872670066
81000 0.2972275863461047
82000 0.2945866464840384
83000 0.292108419880077
84000 0.2888460114033034
85000 0.29641969940784774
86000 0.29703231192381624
87000 0.2895869213478974
88000 0.29671698023685855
89000 0.2893931038076028
90000 0.29134279394823936
91000 0.2914587128103577
92000 0.2927614761377489
93000 0.2875157875868645
94000 0.2910274525614563
95000 0.290398880219901
96000 0.2931827548786562
97000 0.29281738956494774
98000 0.2974271059225593
