0 0.2664681658553667
1000 0.2647272514567334
2000 0.2599296976177359
3000 0.2569401528172317
4000 0.255356481512958
5000 0.2577038865800943
6000 0.25062750902195147
7000 0.2495006176593091
8000 0.25122441985855803
9000 0.2461129334392909
10000 0.2444863553394985
11000 0.24639827486753918
12000 0.2417194869090255
13000 0.23954632096886916
14000 0.24016956400614606
15000 0.24058588191917038
16000 0.23885783669345467
17000 0.2372185774899366
18000 0.23489758389858528
19000 0.22989211685713548
20000 0.23551620043941562
21000 0.22911606139573265
22000 0.23284620920490487
23000 0.22762890150671147
24000 0.22843694273052073
25000 0.22605323964941879
26000 0.22844817772053944
27000 0.22600970571852028
28000 0.22281118840926153
29000 0.22205394391025238
30000 0.2247233872461637
31000 0.22074286617342648
32000 0.22010211096608173
33000 0.21799999192085842
34000 0.21855911173965428
35000 0.21859347962937936
36000 0.21407055130891767
37000 0.21697097892467881
38000 0.2155938965604943
39000 0.21644855086047246
40000 0.21369579321192286
41000 0.21485394170420855
42000 0.21425255595604706
43000 0.21449408168395023
44000 0.21269516583569678
45000 0.21121886815042754
46000 0.2064945519629704
47000 0.21189199610796108
48000 0.21250797344248432
49000 0.209210928634959
50000 0.2104765901306183
51000 0.2106908816119319
52000 0.2068278195971473
53000 0.20403565704894247
54000 0.20639188604819222
55000 0.20648587435735732
56000 0.20557341706257387
57000 0.20473248598044777
58000 0.20410470119069996
59000 0.20597015438530974
60000 0.20529378411528795
61000 0.2028981998242229
62000 0.20228116751839942
63000 0.20389308499847508
64000 0.2030158570890646
65000 0.20458134792390112
66000 0.20221906344939838
67000 0.20300326709322414
68000 0.20232439210194694
69000 0.1996462223075068
70000 0.19632163455660287
71000 0.19757385533667127
72000 0.2005798913846305
73000 0.19780452004628737
74000 0.20206368196791022
75000 0.19899334783925193
76000 0.19631234828324154
77000 0.1989350726540815
78000 0.19715902502670996
79000 0.19789825189930674
80000 0.19816198169033822
81000 0.19842522228047624
82000 0.1951395359003158
83000 0.19778916443978065
84000 0.19465568595416932
85000 0.1946471623816429
86000 0.19397908450004495
87000 0.19434489753435513
88000 0.1949838572142702
89000 0.1937704999457547
90000 0.19459633699254617
91000 0.19499499967334166
92000 0.189873435593022
93000 0.1959901489357645
94000 0.19378203067809147
95000 0.1890540490432106
96000 0.19178954607655452
97000 0.1887453019595617
98000 0.1905033040380312
