0 0.2309802878131869
1000 0.1757823340194361
2000 0.14875539745160563
3000 0.13104536788882945
4000 0.11862472066351623
5000 0.11244833148239819
6000 0.10502051445030888
7000 0.09965163207692344
8000 0.09504529127919659
9000 0.09085048722178943
10000 0.0883211941033087
11000 0.08704352938244668
12000 0.08292006367355316
13000 0.08346652491273461
14000 0.07965991758686035
15000 0.07879238503160481
16000 0.07821176772949812
17000 0.07767102227111727
18000 0.07635170453911283
19000 0.07233026484094375
20000 0.07288632304546144
21000 0.07307596506707949
22000 0.07127570787651517
23000 0.07088626703318038
24000 0.07185301362961213
25000 0.07042317844712433
26000 0.06913112593363137
27000 0.06873892150318783
28000 0.0699003348095877
29000 0.06871466132636801
30000 0.0684173465019231
31000 0.06908280447930296
32000 0.0659093478571682
33000 0.06803776587780508
34000 0.06659529416809815
35000 0.06439921582713479
36000 0.06512085245339842
37000 0.064079814836645
38000 0.06563861256334187
39000 0.06498090525234176
40000 0.06304279664713387
41000 0.06394350194280037
42000 0.06374408545304307
43000 0.06365562150378741
44000 0.06300424359851782
45000 0.06259279467045015
46000 0.06116710052309779
47000 0.06238434372251686
48000 0.060292590349554046
49000 0.06239118492286635
50000 0.061339600080649495
51000 0.06043459279269567
52000 0.062140570615527545
53000 0.061920622122322806
54000 0.06355717591208085
55000 0.0609119841394946
56000 0.06237545970946679
57000 0.06078125743095298
58000 0.059759509361132494
59000 0.06127420665718906
60000 0.06074902195817228
61000 0.060999094520665154
62000 0.05989563146907696
63000 0.059561696292795785
64000 0.060514715840584
65000 0.059218641254433525
66000 0.05942719871534578
67000 0.05922226296052686
68000 0.059113805110333206
69000 0.059699069016957845
70000 0.05891360158143354
71000 0.05956138694635767
72000 0.05995001115209196
73000 0.05858627820407649
74000 0.058325382538843396
75000 0.05968761933712675
76000 0.05954731685294574
77000 0.05977186797191775
78000 0.06060075130216904
79000 0.06025733822653729
80000 0.05859178531165027
81000 0.05845472319405839
82000 0.05760651471716515
83000 0.058575558971791696
84000 0.05826116614987557
85000 0.059691992299511325
86000 0.05767434566818915
87000 0.058632887568824656
88000 0.05923702471227062
89000 0.05817145493746781
90000 0.05789061293401631
91000 0.05745946126378965
92000 0.05828857903574769
93000 0.05858139710437495
94000 0.05697563734789116
95000 0.05722309330481721
96000 0.05860717438860167
97000 0.05720621517237681
98000 0.05859386006184815
