0 0.34348739676200524
1000 0.3355110058832828
2000 0.3392721888406309
3000 0.3340528891441466
4000 0.33364843839789365
5000 0.3319440375815158
6000 0.33083222428509435
7000 0.33417527380829676
8000 0.3293736576730315
9000 0.33105580777735805
10000 0.3324711059964626
11000 0.3303332975853106
12000 0.3307399269402786
13000 0.3306656288187429
14000 0.32288549314994036
15000 0.3271443174691666
16000 0.3290789024027573
17000 0.3259459417938372
18000 0.3295174884947818
19000 0.3251791256598405
20000 0.32302902441973136
21000 0.32300478834076324
22000 0.32392647324782836
23000 0.32542631949216494
24000 0.32430021102210077
25000 0.31951588905005435
26000 0.3230616093038489
27000 0.3223566974658174
28000 0.32178318132632727
29000 0.32027795229150835
30000 0.31937934701559456
31000 0.3207455972835785
32000 0.3198276493933495
33000 0.31918426486042195
34000 0.3180861504963853
35000 0.3182739521657916
36000 0.31851202579229576
37000 0.3163897405743821
38000 0.3164575767652021
39000 0.31381945230486413
40000 0.31473337454646166
41000 0.31869902652242854
42000 0.31231111777072984
43000 0.3147813552890517
44000 0.3174248178599709
45000 0.3164267374738432
46000 0.3100996633923099
47000 0.31377804419845945
48000 0.31160682352588803
49000 0.31191387099977136
50000 0.31268535441073114
51000 0.3112956489932979
52000 0.31007129562891483
53000 0.3112272499991689
54000 0.3088975426584362
55000 0.30652599130691516
56000 0.31099107365614675
57000 0.306414385705176
58000 0.30589311356379567
59000 0.3082243645876275
60000 0.30521338595967495
61000 0.3024766804767893
62000 0.2989307446633579
63000 0.2990629132075324
64000 0.3055786553969309
65000 0.29869760836871234
66000 0.3023711944777337
67000 0.2993941557326356
68000 0.29825310642621206
69000 0.30390393005301225
70000 0.3019254169787527
71000 0.298956606518765
72000 0.2998098081588641
73000 0.29772326029752355
74000 0.2977894085746136
75000 0.29567124114417837
76000 0.3000893458627778
77000 0.2984030443719222
78000 0.296733462462883
79000 0.29521159894647714
80000 0.29432817258949073
81000 0.2949654081360395
82000 0.2934282195682755
83000 0.29334074935103044
84000 0.293999854420174
85000 0.29437040117779406
86000 0.2893314170414947
87000 0.2950080431282466
88000 0.2906865364656849
89000 0.290740496366667
90000 0.29234591968343715
91000 0.29174067721704844
92000 0.2901834676138607
93000 0.2873216900541175
94000 0.2891526012629757
95000 0.28794947663078074
96000 0.290662133003914
97000 0.2907396791969209
98000 0.2877285149277812
