0 0.23841880191647263
1000 0.1821957749209416
2000 0.15090942849266045
3000 0.1348615810121957
4000 0.12198720646380763
5000 0.11229382186827401
6000 0.10634996037994564
7000 0.1021520239999207
8000 0.09734266196194968
9000 0.0939333778945374
10000 0.09007372409293757
11000 0.08671521177588344
12000 0.086769753927902
13000 0.08333591860988099
14000 0.0803861129167483
15000 0.08030640579511615
16000 0.07876371914561603
17000 0.07702235968647059
18000 0.07594523591384664
19000 0.07702772152425892
20000 0.07479166775673042
21000 0.07445804435978338
22000 0.07367416898837562
23000 0.0735363531763796
24000 0.07183862486231095
25000 0.07391784496145806
26000 0.07204987302347271
27000 0.07161944377068905
28000 0.07001312057289352
29000 0.06952527555126128
30000 0.06762608052910993
31000 0.06980638538395297
32000 0.06848188635734524
33000 0.06858595402438916
34000 0.06788104896608654
35000 0.06829757085068616
36000 0.06576582063633132
37000 0.06697927990380202
38000 0.06656577087493275
39000 0.06689143172882575
40000 0.0658634673870424
41000 0.0664053560360284
42000 0.06471283275441966
43000 0.06523840515358886
44000 0.06535750549307441
45000 0.0638979661266032
46000 0.06441460400195177
47000 0.06415902902236281
48000 0.06348004393396306
49000 0.062249520457451135
50000 0.06380910547283247
51000 0.06445067043298743
52000 0.06345733350363304
53000 0.062202111415518145
54000 0.06316701769936102
55000 0.06373237126120462
56000 0.06293797273693269
57000 0.06185823326993258
58000 0.06111032136554332
59000 0.06024492032668283
60000 0.062471814914910405
61000 0.06224888044471805
62000 0.06085241987934199
63000 0.06221657461356808
64000 0.062353662762084115
65000 0.061389593098634246
66000 0.06186746876498522
67000 0.062222893278490225
68000 0.06107287386906055
69000 0.062019359485441614
70000 0.06086294592411577
71000 0.05971578443272756
72000 0.059936919034280285
73000 0.061246301567682994
74000 0.06185883710994168
75000 0.061090911649198186
76000 0.06138007368831312
77000 0.062083996919457596
78000 0.06045010707560944
79000 0.059890257843454274
80000 0.06149136103588708
81000 0.06075056307454024
82000 0.059459375083658735
83000 0.06049294480149928
84000 0.05990532941867226
85000 0.05948933297245404
86000 0.05986788567682168
87000 0.06095273053070726
88000 0.05987725783373243
89000 0.0594656367746728
90000 0.05928057668080999
91000 0.05946903113044095
92000 0.05861477578804848
93000 0.06109226460025792
94000 0.060780822647815314
95000 0.05916139528763276
96000 0.05965191969864426
97000 0.06085677731776405
98000 0.05825659845409941
