0 0.2802316704201607
1000 0.28052178138774564
2000 0.2747634723072159
3000 0.27966166896697475
4000 0.27667076183076483
5000 0.2769277065506534
6000 0.2699494981675256
7000 0.27307296450438723
8000 0.27076288177625646
9000 0.2658831862357411
10000 0.27021871063676506
11000 0.26497912889593817
12000 0.26439001451815564
13000 0.2637113329919277
14000 0.2604085420988699
15000 0.2629241276856149
16000 0.26539814481140744
17000 0.26226366872762946
18000 0.25995626993129844
19000 0.2650310018618901
20000 0.25619403548743147
21000 0.26016017199332575
22000 0.25432895266312966
23000 0.2559117642658794
24000 0.2542722563360863
25000 0.2516769239940783
26000 0.25192484321149977
27000 0.25052155041356083
28000 0.24820216353144395
29000 0.24777404274667156
30000 0.24785627066988883
31000 0.24694626664842667
32000 0.24760227862534134
33000 0.2466329749656111
34000 0.2449705859968397
35000 0.24833867189095063
36000 0.24641358006892047
37000 0.24533339896115217
38000 0.24523138712506923
39000 0.24293869654670938
40000 0.2411991514555423
41000 0.2425198587260175
42000 0.24150933323571241
43000 0.24153756859124836
44000 0.243273930659907
45000 0.24236796762761423
46000 0.2375975640997291
47000 0.23829228340802847
48000 0.23575038144427812
49000 0.23600437678796626
50000 0.23447483330698804
51000 0.23671035097902662
52000 0.2348645073392574
53000 0.23436832842293917
54000 0.23319196461116476
55000 0.23430931846918976
56000 0.23418119914188748
57000 0.2313466366762786
58000 0.23231575793470086
59000 0.23105956566080446
60000 0.23151125619763233
61000 0.23001348874153252
62000 0.23274688125948093
63000 0.23116836409388467
64000 0.23292400390884604
65000 0.22897305072654817
66000 0.23097482611456396
67000 0.22680949899811143
68000 0.22667853684025122
69000 0.229655904090985
70000 0.22521562199811287
71000 0.2258773697051345
72000 0.22503253410867646
73000 0.22447871028645114
74000 0.220449004090427
75000 0.22028423887225956
76000 0.22491413725356332
77000 0.2216379624458764
78000 0.22463355120277329
79000 0.21704482703417624
80000 0.22215043981002014
81000 0.2224721964985644
82000 0.221050925980303
83000 0.2213210523789184
84000 0.2226342093288398
85000 0.2201539179191112
86000 0.21899087985079116
87000 0.216644317306663
88000 0.21831948892360534
89000 0.21518557667058208
90000 0.22066517926521315
91000 0.2212621349314016
92000 0.21648480217274954
93000 0.218570336367843
94000 0.21975556929324644
95000 0.21706640241975994
96000 0.21424509719950638
97000 0.21847850232714505
98000 0.21761667122599537
