0 0.18715574353090939
1000 0.12044789836203634
2000 0.09816121849824087
3000 0.08778571609248534
4000 0.08147266223066124
5000 0.07570256421825886
6000 0.07360679236236953
7000 0.07215230907187457
8000 0.06967608868763482
9000 0.06706671029926346
10000 0.06740366163045577
11000 0.06474163381922651
12000 0.06354762753546084
13000 0.06458593697778045
14000 0.06360811590274201
15000 0.06313125490827616
16000 0.06024164299048579
17000 0.06114276486017322
18000 0.06301415605811972
19000 0.060524898528930955
20000 0.05975077225715979
21000 0.06051528969734623
22000 0.059757786338055216
23000 0.05862284339064356
24000 0.059165906063374935
25000 0.05872076824706403
26000 0.059034429465681236
27000 0.057004571506471355
28000 0.05868096737457346
29000 0.058731319713133556
30000 0.0581908714061583
31000 0.05755996140820245
32000 0.05770218826303278
33000 0.057687604589059215
34000 0.05806514991971649
35000 0.05694486855812791
36000 0.05643129711138606
37000 0.05696437958289285
38000 0.05794416028639879
39000 0.05557115632763019
40000 0.05692108615643244
41000 0.056859164191611494
42000 0.05575665548855519
43000 0.05518610500161108
44000 0.05549053979508928
45000 0.05575349667328593
46000 0.05533206550391768
47000 0.05617581942981441
48000 0.05548497631455933
49000 0.056038070588510694
50000 0.05596686060942079
51000 0.05711101975087826
52000 0.0562169707798192
53000 0.056521802345450574
54000 0.05669665106832064
55000 0.05532361400461021
56000 0.05522593157641614
57000 0.05590374331111876
58000 0.05652957857666026
59000 0.05473858202155924
60000 0.05550080706731051
61000 0.05615057367207185
62000 0.05512402505594493
63000 0.05524958589825645
64000 0.056956516099265594
65000 0.055794920232141304
66000 0.05474682864810707
67000 0.05466812105295649
68000 0.05653075037877636
69000 0.05332312899791644
70000 0.05396576856075108
71000 0.055771050559068495
72000 0.05443834867356431
73000 0.05483343286305952
74000 0.05481032243930877
75000 0.053741391304655516
76000 0.0550849659349212
77000 0.056242782369378484
78000 0.054944173006830986
79000 0.05503177981493541
80000 0.054694133854500164
81000 0.05332413983146668
82000 0.0554870390733654
83000 0.05555005282981334
84000 0.05480887684280294
85000 0.05489201522704078
86000 0.05440386911283713
87000 0.05499876140732987
88000 0.05408428807842043
89000 0.05407390596502187
90000 0.05376909130869138
91000 0.053931411564768335
92000 0.05401710307128361
93000 0.054526270906707267
94000 0.053961132856717706
95000 0.0550787149085767
96000 0.054807261096104704
97000 0.05465434235524497
98000 0.056034255207647
