0 0.28836706924462263
1000 0.28077683491761707
2000 0.27650861585169884
3000 0.27344000148350217
4000 0.2681887958729609
5000 0.2631191050650179
6000 0.26218839321412724
7000 0.25345368263338547
8000 0.2600817411348546
9000 0.25009915992534676
10000 0.24778419538101115
11000 0.24248655735761887
12000 0.24298479374670998
13000 0.23882657494974904
14000 0.23526130615639995
15000 0.2340745071348918
16000 0.2290570145932477
17000 0.22804781131063157
18000 0.22855338748623175
19000 0.22702641637777712
20000 0.2188039011941796
21000 0.22090505536542554
22000 0.21915970586956213
23000 0.21387610421709816
24000 0.21357906957257491
25000 0.21133231950914738
26000 0.20742881963230175
27000 0.20749859246994198
28000 0.20510469818912966
29000 0.20373069645991781
30000 0.19937557316086874
31000 0.19944164484691598
32000 0.19481570063259043
33000 0.19613561354814638
34000 0.19427498469805987
35000 0.19161060264269497
36000 0.18998863501015387
37000 0.18896209031651257
38000 0.18980359445600328
39000 0.1903673999398988
40000 0.187120093589143
41000 0.18418873834252097
42000 0.18428411318806298
43000 0.18323283391728754
44000 0.1845804751938122
45000 0.18167604746215105
46000 0.1781966883724442
47000 0.1769441633761311
48000 0.17763391835626088
49000 0.17722139132156628
50000 0.17043756552361639
51000 0.17656798937492135
52000 0.1732184638223878
53000 0.17039787975736126
54000 0.17171796000650588
55000 0.1670994398762545
56000 0.16630500331516265
57000 0.17044971794779865
58000 0.1693013847796751
59000 0.1701428838418655
60000 0.16712212691127892
61000 0.16501837018755022
62000 0.1638843711398622
63000 0.16423080829388603
64000 0.16005589337909942
65000 0.16318676150278438
66000 0.16330372654054995
67000 0.1612627812056283
68000 0.15944292962021728
69000 0.15821449263608311
70000 0.1569890866878555
71000 0.15570747556303652
72000 0.15616660328787016
73000 0.15687875561589817
74000 0.15376854487488342
75000 0.15146733331165338
76000 0.15290317491182365
77000 0.15297648029656105
78000 0.1515679889637008
79000 0.1503650443192364
80000 0.14927791036158802
81000 0.1489645043420039
82000 0.1490169669064698
83000 0.14891892076260885
84000 0.14399768679579375
85000 0.14987454604248057
86000 0.14989127155324422
87000 0.14875008135827622
88000 0.1450436114405553
89000 0.14971492444100198
90000 0.14483572314906573
91000 0.1465840576488366
92000 0.1437687350797177
93000 0.14336938934628862
94000 0.14485077308839356
95000 0.14508078834137453
96000 0.1429195873379001
97000 0.14542973957397967
98000 0.14127457855943878
