0 0.25623396372472723
1000 0.2542846163993605
2000 0.2493814564223926
3000 0.25040212323087396
4000 0.2474307454153879
5000 0.24476734734503175
6000 0.24405321473745656
7000 0.23801972901978782
8000 0.23676224351288536
9000 0.23539246042246303
10000 0.2368022677951742
11000 0.2353535404670421
12000 0.2267188089013615
13000 0.23287922348609855
14000 0.22860116771057437
15000 0.23165004210744097
16000 0.2296072904926871
17000 0.22664316955421956
18000 0.22571270126053605
19000 0.22694142821872584
20000 0.2247925129823645
21000 0.22373810226559945
22000 0.2244549564459582
23000 0.22388187323221329
24000 0.22146316273185992
25000 0.2254203009135629
26000 0.22215750594849723
27000 0.2177828194138294
28000 0.22275863410740612
29000 0.21971138674300011
30000 0.2160758731662998
31000 0.22226291594624595
32000 0.22340061011389423
33000 0.22188297688624925
34000 0.2205449995695941
35000 0.22185520602949318
36000 0.2174786154228533
37000 0.21853181909127867
38000 0.2190042818407091
39000 0.21606673295892137
40000 0.220376278761768
41000 0.2197390990953735
42000 0.22003038120130355
43000 0.2225097345917578
44000 0.2188810827832749
45000 0.22169234736865018
46000 0.21965350954518456
47000 0.21915575638336943
48000 0.21912613569112857
49000 0.21682626421170384
50000 0.21889707868000316
51000 0.21515046896832132
52000 0.22070296534792483
53000 0.21788256900769556
54000 0.22225405782347618
55000 0.2187962503003521
56000 0.21954020998960286
57000 0.21998179042182456
58000 0.2201190116374925
59000 0.2208555782531759
60000 0.2158846942210939
61000 0.2189561463181607
62000 0.2190926763558536
63000 0.21578588292906137
64000 0.21730801595284518
65000 0.21837884088535803
66000 0.21538287683015928
67000 0.2171844754253099
68000 0.21799312387690553
69000 0.21623332377260815
70000 0.21852478354267077
71000 0.2184894536785739
72000 0.21788286403728133
73000 0.21848020280937328
74000 0.21788107320947814
75000 0.21757007570646866
76000 0.2112786554232774
77000 0.2152840498890237
78000 0.21775326871757802
79000 0.2192572852908652
80000 0.21361208518960098
81000 0.21663967596121045
82000 0.21486884361758687
83000 0.21676412428395722
84000 0.2149251393674
85000 0.216542275744661
86000 0.21735551673343217
87000 0.21931617988183877
88000 0.21526592992969248
89000 0.21220328406699945
90000 0.21655419017660255
91000 0.21182368056288947
92000 0.2142978452622382
93000 0.21459851715860567
94000 0.21551456164112143
95000 0.2163577488050737
96000 0.2121316212122364
97000 0.21452550991989536
98000 0.21795634182509943
