0 0.2820507756279848
1000 0.28067294306126994
2000 0.2727052425295952
3000 0.27005440149567
4000 0.26657385769730396
5000 0.2609426895775154
6000 0.2590275282286258
7000 0.2546486858633138
8000 0.2521690437131625
9000 0.24887386777785533
10000 0.2425591172839071
11000 0.24175003663814176
12000 0.23969116929391443
13000 0.2369962356392018
14000 0.23061503920959683
15000 0.23082308541959531
16000 0.2260334704216062
17000 0.22257364788968356
18000 0.2219914584175313
19000 0.21983000032703703
20000 0.2163421900538581
21000 0.21766995647546547
22000 0.21103004039965995
23000 0.2123267588070502
24000 0.20727695407834068
25000 0.21115559542683995
26000 0.20515494534161077
27000 0.2028531744100178
28000 0.2055196974095545
29000 0.2007870706125599
30000 0.19768821707904657
31000 0.19466829384567014
32000 0.1936553771728967
33000 0.1941398629236534
34000 0.1934049756091168
35000 0.19007908743666163
36000 0.1865389206885914
37000 0.18916168298421104
38000 0.1866947520301051
39000 0.1844106782435989
40000 0.18188855912638835
41000 0.1824788520141661
42000 0.1799902429567394
43000 0.17921124354747608
44000 0.1755837282081522
45000 0.17729040892948414
46000 0.1730426115708457
47000 0.17479064802784222
48000 0.17307675890986066
49000 0.17225894816239426
50000 0.17370966203344124
51000 0.1726056706449914
52000 0.1684734656114594
53000 0.1712841134082939
54000 0.16878871930901798
55000 0.16434249547022373
56000 0.16590725934781614
57000 0.16854372654970845
58000 0.1620055185992251
59000 0.1623735728189828
60000 0.1638886887964471
61000 0.16259391228844491
62000 0.16508316304285792
63000 0.16125626792881334
64000 0.1587387062840868
65000 0.15780198779732843
66000 0.1595423524240499
67000 0.1543910377893744
68000 0.15819497702598373
69000 0.15403419789519468
70000 0.15246126761018727
71000 0.1554269918026246
72000 0.1520304341300069
73000 0.15026701529255476
74000 0.14984096707120476
75000 0.14884047290054198
76000 0.14910807477856725
77000 0.15089577437145718
78000 0.1482010381367874
79000 0.14811913134603105
80000 0.147384710544938
81000 0.14782492719295162
82000 0.1441026825967296
83000 0.14782338063637324
84000 0.1448851455055162
85000 0.14502892528497052
86000 0.1464882655537694
87000 0.14360905200263457
88000 0.14541427940160717
89000 0.14095554093590892
90000 0.1402579430389378
91000 0.14071100360961736
92000 0.1426207374049379
93000 0.14323991661809563
94000 0.14001541446418408
95000 0.14044008874396843
96000 0.13803138885028737
97000 0.13855023027185642
98000 0.14181015174489522
