0 0.24394483150176416
1000 0.18471790582735065
2000 0.1530671084278827
3000 0.13646818848074946
4000 0.126345137199775
5000 0.1140440344682546
6000 0.10959067453633957
7000 0.10505953127597908
8000 0.10083543024605893
9000 0.09621715956114453
10000 0.09223820675362562
11000 0.09102548084162107
12000 0.08983037026293882
13000 0.08895155602939443
14000 0.084235782809873
15000 0.08254137573629818
16000 0.08199244316339938
17000 0.08046769496617096
18000 0.08147706002978422
19000 0.0777377471339703
20000 0.07656835341860892
21000 0.07518452528829052
22000 0.07421168105597407
23000 0.07396339481777466
24000 0.07275531642909315
25000 0.0738182891850259
26000 0.07201035003804956
27000 0.07255823142655622
28000 0.07228405139144514
29000 0.07060401674318623
30000 0.07029064103080954
31000 0.07190358525566959
32000 0.07148527259207746
33000 0.06865108263779168
34000 0.07012028838228199
35000 0.07002467179806401
36000 0.06910367774878742
37000 0.0692951065536176
38000 0.06882402398522636
39000 0.06910401679041439
40000 0.067233508527733
41000 0.06780705086322376
42000 0.0679777115679032
43000 0.06790299779292269
44000 0.06736257445170533
45000 0.06624901154722472
46000 0.06627302401847142
47000 0.067218553679661
48000 0.06606893104734435
49000 0.06686261495275816
50000 0.06504070893995582
51000 0.0651808714106686
52000 0.06646828156481725
53000 0.06513460047730704
54000 0.06545930358209381
55000 0.06618167799413993
56000 0.06529543889630644
57000 0.0651973541081414
58000 0.06474233380961204
59000 0.06271811226873936
60000 0.06323221504045369
61000 0.06439887838962788
62000 0.06370765749846954
63000 0.06516124019918616
64000 0.06531151783576405
65000 0.06301369377222503
66000 0.06350738154122397
67000 0.06375500787355003
68000 0.0643263495089936
69000 0.06384812592204589
70000 0.06295696493757126
71000 0.062362780066540946
72000 0.06250870026251117
73000 0.06173547966860453
74000 0.06363235815946085
75000 0.06384558943772042
76000 0.06418136775097902
77000 0.0619259959539147
78000 0.0636113838172509
79000 0.061551425758578436
80000 0.06334777525828895
81000 0.06279719121920695
82000 0.06304210147114192
83000 0.06428340569640252
84000 0.06480549891280098
85000 0.06283543315097279
86000 0.06204446663569525
87000 0.06323696719966436
88000 0.062088038129105794
89000 0.061561509341184734
90000 0.0632779357112659
91000 0.0636052588996633
92000 0.06249325371528032
93000 0.059764934259853575
94000 0.06079994331764401
95000 0.061024018723571126
96000 0.06302405727166073
97000 0.061056649038947634
98000 0.0608336943572164
