0 0.26228787275932997
1000 0.26377596597622655
2000 0.2616958230191168
3000 0.25963686535135305
4000 0.25450214728755793
5000 0.2571677191879962
6000 0.25283177897869175
7000 0.2503922071814896
8000 0.24932464299677445
9000 0.24350867177433513
10000 0.24938625573478354
11000 0.24655978920934185
12000 0.24421951625357846
13000 0.2409462643724986
14000 0.24319001563521095
15000 0.23558729849567572
16000 0.24458555397970802
17000 0.23450743846018646
18000 0.23556413879133736
19000 0.23360668094621054
20000 0.2354518193657797
21000 0.23616323203702952
22000 0.23423311909840153
23000 0.22675765146867438
24000 0.22781190349474237
25000 0.22837205670840643
26000 0.23152771327251667
27000 0.225425028993118
28000 0.23068057051791832
29000 0.22808051662582035
30000 0.22336702769553732
31000 0.22467091608494935
32000 0.2240600382975385
33000 0.22010547114757298
34000 0.22721931744996776
35000 0.2149768374906089
36000 0.22110440618760308
37000 0.21718655339080775
38000 0.22124133003853946
39000 0.2173070674346716
40000 0.2166340290762377
41000 0.217880640573317
42000 0.21556700189611092
43000 0.21683961717004507
44000 0.2145942656767193
45000 0.2144772070028294
46000 0.21194103342365522
47000 0.2140594073330453
48000 0.21296258636332932
49000 0.2116376193146968
50000 0.2099676534724235
51000 0.21113829512447196
52000 0.20984183370427767
53000 0.21033829251206654
54000 0.20983808922511862
55000 0.21088255039987303
56000 0.21031741804020118
57000 0.20878741290531264
58000 0.2073730985996539
59000 0.20796163518591687
60000 0.20696918594278396
61000 0.20728389855365884
62000 0.20807413810775302
63000 0.20819185631779405
64000 0.2113846380574407
65000 0.20660107733416555
66000 0.20303779907959021
67000 0.2041240170701781
68000 0.20293092604578938
69000 0.20523596403914474
70000 0.20748338247252818
71000 0.20414293549509438
72000 0.20540964782724316
73000 0.20446966972891695
74000 0.20290090986326048
75000 0.20440601879208536
76000 0.20261975111132216
77000 0.20494855012771387
78000 0.20281531276913445
79000 0.2004997012250176
80000 0.20441475521013908
81000 0.20228813759868974
82000 0.20035116139712186
83000 0.19919224544017422
84000 0.2006719283835905
85000 0.20403180037261684
86000 0.2017691086895071
87000 0.20209600268542904
88000 0.20081507899240464
89000 0.1983486388896092
90000 0.19952375060619887
91000 0.19630510122496386
92000 0.19847155235959676
93000 0.1988493131943377
94000 0.19969069224951738
95000 0.20056723049350278
96000 0.1959569708340771
97000 0.19861497121553487
98000 0.19836194095983292
