0 0.29420472877098647
1000 0.283495651648491
2000 0.287390739435749
3000 0.2824724358990403
4000 0.28580929542590233
5000 0.28459286724167304
6000 0.2812337423604195
7000 0.2838029239157651
8000 0.28095306009904386
9000 0.2795138084511736
10000 0.2816201590661129
11000 0.2784043361596444
12000 0.27819535532348494
13000 0.2805651446799408
14000 0.27625985720368623
15000 0.2727109431004649
16000 0.27706266978629
17000 0.2710747497645314
18000 0.2717218418185452
19000 0.2666677797635077
20000 0.2699384312807673
21000 0.2686630865025078
22000 0.27044241171753947
23000 0.2674203918184854
24000 0.2688553139835008
25000 0.26460403292097384
26000 0.2642960695680595
27000 0.263727899242117
28000 0.25873412551835734
29000 0.2624955793954084
30000 0.26046526590219105
31000 0.25842992881318055
32000 0.2561727139493834
33000 0.25869208389106424
34000 0.2566996409044672
35000 0.2549248534813171
36000 0.25852019148043753
37000 0.25430907805303105
38000 0.25637400527042975
39000 0.2511937471044975
40000 0.25193737932126875
41000 0.2511711529012052
42000 0.25296344667374865
43000 0.25261969532094464
44000 0.24419217702384316
45000 0.2551002174343024
46000 0.25402225410388907
47000 0.25144570477406814
48000 0.2440521079753648
49000 0.2488471667279798
50000 0.24591425941811323
51000 0.2416357490550974
52000 0.24519867565726972
53000 0.2450892726784728
54000 0.24540519760809792
55000 0.24158429936828674
56000 0.24396414753965792
57000 0.24213231328453355
58000 0.2423155451075231
59000 0.2428206800600769
60000 0.24057310506334165
61000 0.24122461888848207
62000 0.2437483501001241
63000 0.23822278475460712
64000 0.24363012399162398
65000 0.23722532785335398
66000 0.2385401028983397
67000 0.24055253656449316
68000 0.23684435200059384
69000 0.23295264744738425
70000 0.23725107312718274
71000 0.23741989926757673
72000 0.23736635327278915
73000 0.2376831935091101
74000 0.23401110988245766
75000 0.23213225595885403
76000 0.2330335371507353
77000 0.23298901258766536
78000 0.2325442752972517
79000 0.23393623530373633
80000 0.2297956980814963
81000 0.23002155776469393
82000 0.22849166189343678
83000 0.2332453847522336
84000 0.23166832883109642
85000 0.22640200652507947
86000 0.22899519029958232
87000 0.2295885238353773
88000 0.22664800686472716
89000 0.2243273480494715
90000 0.22414451844930547
91000 0.22766127068142084
92000 0.22602835726280915
93000 0.22993623153707596
94000 0.2219905205423087
95000 0.22710807591920884
96000 0.22573792981896035
97000 0.22423325913321446
98000 0.22139307410487913
