0 0.18072081619007402
1000 0.12038407947395255
2000 0.09820440061991965
3000 0.08723058187342848
4000 0.08155715017486037
5000 0.07677028004375232
6000 0.07284435435949657
7000 0.07192830917306392
8000 0.06849402696330424
9000 0.06738241162894576
10000 0.06740343749614143
11000 0.06496773727101651
12000 0.06461897698127383
13000 0.0628522506399822
14000 0.06359232285213279
15000 0.06209915852312482
16000 0.0615024652873753
17000 0.06100805685058516
18000 0.06068869295145502
19000 0.06142667246300627
20000 0.060824225980553814
21000 0.060139685265869006
22000 0.059662332615032815
23000 0.05929443790103367
24000 0.06002692726984066
25000 0.058102359022918076
26000 0.058119950848025015
27000 0.05788055549308247
28000 0.0592631231448327
29000 0.05920809415087236
30000 0.05845676706660151
31000 0.05849204745545497
32000 0.05789423653634833
33000 0.057704174329151356
34000 0.05742640160789032
35000 0.05766199649506959
36000 0.05767965178514779
37000 0.056050279143854465
38000 0.056746678309191854
39000 0.05551678616881556
40000 0.055565711384887424
41000 0.05554099527534539
42000 0.05531590751485212
43000 0.056206119376386005
44000 0.0567275846806473
45000 0.055240421576120774
46000 0.055190929168460585
47000 0.05472617511934942
48000 0.055474589856566635
49000 0.05416393880809155
50000 0.05492956663421034
51000 0.054633021648847355
52000 0.05613436127558577
53000 0.05560053737856828
54000 0.05539357960703065
55000 0.05547739752854494
56000 0.05495684359572086
57000 0.05523180098712793
58000 0.05514154591524479
59000 0.05589960496221044
60000 0.05380899857828483
61000 0.05447258346596257
62000 0.05442420060397755
63000 0.05427107765108371
64000 0.05500225767421824
65000 0.05501060354226956
66000 0.05552989495667255
67000 0.053746042173628036
68000 0.054049447041079744
69000 0.05360718543510148
70000 0.05447790033483333
71000 0.05290963685477879
72000 0.05489435718867133
73000 0.055505535546180026
74000 0.055145146145494914
75000 0.0558617635321908
76000 0.05399719877038116
77000 0.05354922654822778
78000 0.054573944124922266
79000 0.05356745214214549
80000 0.05345870653755304
81000 0.05283388108987745
82000 0.054530805195301964
83000 0.05427720875809431
84000 0.054428135224332985
85000 0.054337303054262785
86000 0.05499191637807149
87000 0.054905516488098875
88000 0.0540797987421605
89000 0.05526342995053615
90000 0.05452778250372288
91000 0.05467578101964623
92000 0.05455493033576249
93000 0.054872024000738324
94000 0.052757930665030255
95000 0.053410226178843646
96000 0.05521968234078225
97000 0.05391117949279078
98000 0.05331337151107124
