0 0.27993608420327415
1000 0.27559394001236914
2000 0.2691132358124746
3000 0.26840509086493947
4000 0.27217358103113826
5000 0.26325595238569255
6000 0.26030144526496796
7000 0.25866213350754863
8000 0.2618624495013987
9000 0.2564661555019693
10000 0.25911639972821676
11000 0.25493871149597264
12000 0.2539558337460583
13000 0.24949606805422328
14000 0.25539684486684694
15000 0.2520183545884256
16000 0.25496848390889926
17000 0.2480714240896317
18000 0.25022017677586644
19000 0.24854460662741343
20000 0.2448356345282095
21000 0.2482545337687235
22000 0.24696097747210788
23000 0.2495271995212872
24000 0.24301890408348814
25000 0.24408904546676205
26000 0.24381879290724048
27000 0.24509906056513475
28000 0.245215049982915
29000 0.24162692285727172
30000 0.24322898148779867
31000 0.24172168297075175
32000 0.24198440134142937
33000 0.237810933242765
34000 0.242682621574405
35000 0.24248371499818025
36000 0.24030986163613227
37000 0.24101938175658083
38000 0.23853941700783998
39000 0.23879737492549752
40000 0.2403089481225105
41000 0.23672498588116433
42000 0.24202580773641746
43000 0.23703635737461706
44000 0.24102772715638934
45000 0.23725597557965813
46000 0.23653639460891848
47000 0.23998605201666037
48000 0.2352068431165422
49000 0.23819871459739275
50000 0.233532422825676
51000 0.23741146046121117
52000 0.2351814169844103
53000 0.23686767558922578
54000 0.2374946405966274
55000 0.23740418839299526
56000 0.22925960364580944
57000 0.236905589206177
58000 0.23269006700922282
59000 0.2306565567347524
60000 0.2327395733012757
61000 0.2356737242847503
62000 0.2343935694348887
63000 0.23521190749880627
64000 0.23012798546704188
65000 0.2344951165631359
66000 0.23525291720847138
67000 0.23619324835197905
68000 0.23436708777304438
69000 0.23137811810475736
70000 0.2364383080237397
71000 0.2261627479184595
72000 0.23031651730437677
73000 0.2346336549599782
74000 0.23028224563415192
75000 0.231935201843778
76000 0.2324022451952651
77000 0.23381628372628185
78000 0.2358508202173
79000 0.23280965906374088
80000 0.2318588191856027
81000 0.23141934151413512
82000 0.23170498400975567
83000 0.23986775069161465
84000 0.2326969595431283
85000 0.23178728380391525
86000 0.230658673114338
87000 0.2301409133675876
88000 0.23284088274590575
89000 0.23270372023363406
90000 0.2304329170860029
91000 0.2319561399254977
92000 0.23282298560426504
93000 0.2300904801690293
94000 0.23014836415756626
95000 0.23081475233076554
96000 0.22852381432514302
97000 0.23323443319722043
98000 0.23118936593895323
