0 0.36031089734551003
1000 0.347426969468993
2000 0.34406222701031647
3000 0.33178296431010595
4000 0.3221756027634065
5000 0.31849518010520467
6000 0.31103611860419583
7000 0.3055455649756058
8000 0.30251321698875117
9000 0.2957122096161268
10000 0.28722144857468224
11000 0.28804183660377425
12000 0.2814727908633977
13000 0.27784671623554846
14000 0.27107602794836827
15000 0.2694946783299951
16000 0.27088609328733315
17000 0.2644455779867081
18000 0.26273749087503784
19000 0.26083400030266574
20000 0.25940923043006386
21000 0.2562580652357335
22000 0.2507630872276155
23000 0.24931720943378075
24000 0.24831389680637256
25000 0.2471059089263856
26000 0.24305851241135876
27000 0.24280555313445473
28000 0.24098261382553837
29000 0.24005637396649596
30000 0.23484867395486714
31000 0.2381733397002541
32000 0.2348586221916096
33000 0.23239674076164235
34000 0.2332123712337792
35000 0.23089043220316083
36000 0.2284055499955243
37000 0.22940422746272504
38000 0.22576823924035963
39000 0.2286014262446122
40000 0.22472708322428242
41000 0.22184795111313504
42000 0.22205870268666175
43000 0.22274087823657482
44000 0.2212111079245672
45000 0.21629886831397602
46000 0.21679110011622493
47000 0.21334828958477114
48000 0.21434733271388637
49000 0.21442455664775883
50000 0.21211844871021682
51000 0.21247670130680407
52000 0.21186748498689778
53000 0.20921602253040308
54000 0.21054778576530667
55000 0.20725805418092721
56000 0.21045734877515387
57000 0.20924221260297807
58000 0.20750210641251826
59000 0.2041328374269086
60000 0.2009655592918898
61000 0.20023473545532655
62000 0.20936744071451158
63000 0.20401650982158961
64000 0.20295323927826803
65000 0.2004826262358871
66000 0.19905023610063502
67000 0.19997609931077098
68000 0.19838980185742938
69000 0.19656772267609288
70000 0.19697625752193623
71000 0.19736127455718935
72000 0.19573663967046925
73000 0.1927672416187871
74000 0.19261859417708796
75000 0.1899414878837249
76000 0.19353856869440084
77000 0.18991717465523003
78000 0.1897534304402884
79000 0.19012314540222294
80000 0.18996769598396576
81000 0.18815932172025074
82000 0.1887180947103782
83000 0.18695627542971988
84000 0.1869826985122381
85000 0.1898209590702506
86000 0.18779529810371148
87000 0.18516066694027594
88000 0.18377348451881353
89000 0.18403174552294438
90000 0.1819362809246753
91000 0.18796784852460935
92000 0.18181254840955383
93000 0.18193004958732265
94000 0.18245869323841699
95000 0.1815361675424689
96000 0.18113338448592692
97000 0.17926226485622973
98000 0.18098454656361118
