0 0.27781829153987964
1000 0.27755404188555244
2000 0.27616569810064034
3000 0.2722253207157354
4000 0.2682066173291894
5000 0.2665149588037145
6000 0.26966143350879257
7000 0.2669249574963336
8000 0.2666941385931913
9000 0.26922668971345887
10000 0.2636636738902625
11000 0.26253646551352017
12000 0.26429663533535064
13000 0.26218634314693967
14000 0.261937010743983
15000 0.26283247557086087
16000 0.26241585908047127
17000 0.2597702482494354
18000 0.2633787625294023
19000 0.2630263192484449
20000 0.2598193673043617
21000 0.2615911802532038
22000 0.25997601093398415
23000 0.26150129571986364
24000 0.26213247225707464
25000 0.2575892872263177
26000 0.25816427590782803
27000 0.2632570969996932
28000 0.26082315583352705
29000 0.2595995247814935
30000 0.25634200192274414
31000 0.2599755399682437
32000 0.2590038356730935
33000 0.25673651736961095
34000 0.2582055451453315
35000 0.2591069615922691
36000 0.2579743501352379
37000 0.25695405911504215
38000 0.26081790922180903
39000 0.2584132138520996
40000 0.26060462430817233
41000 0.2578712181261714
42000 0.2602382076560757
43000 0.25785952306960047
44000 0.2545569080917488
45000 0.2581633585693388
46000 0.25478966624185867
47000 0.25860269892687116
48000 0.2557080586059277
49000 0.25708126795022107
50000 0.2580693248920426
51000 0.25749499980159557
52000 0.2561050052337207
53000 0.2566470880321108
54000 0.2567039726705996
55000 0.25602877426483717
56000 0.2584980903915688
57000 0.25348945066717066
58000 0.2595767750666654
59000 0.2574977386373477
60000 0.25446931881234564
61000 0.2550229674495352
62000 0.2530580543344241
63000 0.2564605612530391
64000 0.2564867307675915
65000 0.2551693933151753
66000 0.2552641112388853
67000 0.25289437003244725
68000 0.2546063942409093
69000 0.25555525567064885
70000 0.25573461864499974
71000 0.25536673001295235
72000 0.25496066511988963
73000 0.2498602770735521
74000 0.2576812958455781
75000 0.254657122755857
76000 0.25707244243839034
77000 0.2590277582498808
78000 0.2586211401818583
79000 0.2566693213470338
80000 0.2548731302192827
81000 0.2525363792903169
82000 0.25345706033993953
83000 0.2550925948306713
84000 0.2551696226615991
85000 0.2537473752518148
86000 0.25391885501170675
87000 0.251306975360914
88000 0.2499364074833307
89000 0.2539729608782887
90000 0.2551244336968748
91000 0.2560833230375299
92000 0.2518750277573611
93000 0.25195752803937954
94000 0.2495997532415539
95000 0.2557742398941065
96000 0.25411979015896385
97000 0.2507912466636715
98000 0.2501068013535135
