0 0.293679871064532
1000 0.2910804339575839
2000 0.2858388089572644
3000 0.28279320013612025
4000 0.28410923092724877
5000 0.28346897564355256
6000 0.27970651437217836
7000 0.277768196324201
8000 0.28099824902754106
9000 0.271193684918095
10000 0.27742874612949137
11000 0.28111925730587284
12000 0.2791540673345706
13000 0.2792232781934627
14000 0.27167748094594657
15000 0.2770042003728476
16000 0.27508278749433707
17000 0.2771590897627342
18000 0.2797354549853643
19000 0.27696653409617666
20000 0.27673818894022373
21000 0.2729146189680658
22000 0.2814651928988135
23000 0.2773229386658995
24000 0.2757637564800847
25000 0.2768751476663254
26000 0.27665083657583117
27000 0.27476117338148187
28000 0.2785034552137453
29000 0.27463390209801164
30000 0.27545016381855464
31000 0.27788724752610283
32000 0.27649142310199715
33000 0.2761556310740534
34000 0.2775401604659893
35000 0.277957146491693
36000 0.2787321653704137
37000 0.2757526448019808
38000 0.28015294557269255
39000 0.27887589846286326
40000 0.2762105133533699
41000 0.2738149970114764
42000 0.27949873576006373
43000 0.2770323567488386
44000 0.2765427010502197
45000 0.27626065346308626
46000 0.27544382421674657
47000 0.28351538981684304
48000 0.281287047707293
49000 0.282947769373998
50000 0.2758977901468567
51000 0.2814754872066367
52000 0.2761933615065744
53000 0.2835293876267503
54000 0.27885173016371306
55000 0.27917542599888123
56000 0.27663127268531185
57000 0.2777501667479955
58000 0.2780816434986429
59000 0.2803822723432057
60000 0.2802307413872146
61000 0.2740629176148094
62000 0.27953725540483065
63000 0.28104165192390373
64000 0.2772455586836768
65000 0.2742980059226823
66000 0.27749241207049874
67000 0.2792888387734273
68000 0.2782414710259122
69000 0.27731465826833307
70000 0.28169439454272316
71000 0.274513369251385
72000 0.276982239262847
73000 0.2774356551985891
74000 0.2784034859227284
75000 0.27853478227752854
76000 0.27817217083197193
77000 0.27721098493090546
78000 0.27738563360993035
79000 0.276797126919237
80000 0.2795796648980562
81000 0.2792848421610074
82000 0.2823685263528487
83000 0.2803237707928143
84000 0.27795927350853816
85000 0.2801601414783088
86000 0.2842701035570089
87000 0.2813796912666922
88000 0.2801581398515543
89000 0.27462017381667664
90000 0.27842043746780243
91000 0.27886414865619286
92000 0.2831387332126244
93000 0.27865012764391606
94000 0.2799378305003479
95000 0.27798667738595706
96000 0.2785947155199724
97000 0.2817252896106968
98000 0.2801864865660454
