0 0.28289902129966615
1000 0.26832754581330504
2000 0.2598725625489358
3000 0.2514093677097657
4000 0.24317684916677593
5000 0.23720997101836905
6000 0.22919601376850796
7000 0.22168727102207955
8000 0.2135844673298194
9000 0.20971048283309712
10000 0.20685206935342468
11000 0.1981992169970665
12000 0.19734509767901595
13000 0.19388306532688632
14000 0.18419996968591687
15000 0.18285704331536592
16000 0.177419571337475
17000 0.17561252576500697
18000 0.17595921194089484
19000 0.17110211904050432
20000 0.1669947885708146
21000 0.16745301398401602
22000 0.16442781762403202
23000 0.1631460196273712
24000 0.15892876133256015
25000 0.15666919682552918
26000 0.15416375247034314
27000 0.1525888515160445
28000 0.15152272318354032
29000 0.14877628576751306
30000 0.1462446268492996
31000 0.14856778500127327
32000 0.14269820675895326
33000 0.14277621532628834
34000 0.1409224791199354
35000 0.14149235105839464
36000 0.1401633980426395
37000 0.13669756085641038
38000 0.13914417953413577
39000 0.1348901578387658
40000 0.1327342916816593
41000 0.13317627971367943
42000 0.13004352361189425
43000 0.12851236665353957
44000 0.12904664433977686
45000 0.12850387503590086
46000 0.12543040950765635
47000 0.12865222471417298
48000 0.12285972084374068
49000 0.12425835944091608
50000 0.12349980922787564
51000 0.12262819492772373
52000 0.12237281560705031
53000 0.12289005459831975
54000 0.11859272830521095
55000 0.11795912442968015
56000 0.12089365396274716
57000 0.11913537642318683
58000 0.12013298831817507
59000 0.11673431195778611
60000 0.11602514328909555
61000 0.11490558025469565
62000 0.11528565864343929
63000 0.11490219014378962
64000 0.11556883600840104
65000 0.11440098276534219
66000 0.1129933242792624
67000 0.1127711127154717
68000 0.11376991076630073
69000 0.11064057515870643
70000 0.11388922809685904
71000 0.11017707950940454
72000 0.10957356082337176
73000 0.10769226872885408
74000 0.1064292428862258
75000 0.10865898150047562
76000 0.10719974910168335
77000 0.10559151561963066
78000 0.10386478226839431
79000 0.10270929160494933
80000 0.1026601097118411
81000 0.10380837398761615
82000 0.1037392524079695
83000 0.10427602044902903
84000 0.10428167659495552
85000 0.10277926082313003
86000 0.10542676768266789
87000 0.10090761323504022
88000 0.10267648632258208
89000 0.10268145397853724
90000 0.10224189640942331
91000 0.10105576163723766
92000 0.09964426837349993
93000 0.10156926095427928
94000 0.09835653482808189
95000 0.10084527349024253
96000 0.1000246207053312
97000 0.09845670962526698
98000 0.0993161869250118
