0 0.2802089940547025
1000 0.2753270092242892
2000 0.2706362241015396
3000 0.26646897226048927
4000 0.2671116871849145
5000 0.2679280696360646
6000 0.26324225526463346
7000 0.2606380579847868
8000 0.25982415731093195
9000 0.2582034396192014
10000 0.2564127907268269
11000 0.25721972684421496
12000 0.25396704446236773
13000 0.2514780442490471
14000 0.2495418116256415
15000 0.2504713241396935
16000 0.2510661980556882
17000 0.2513534838476452
18000 0.24681098135346516
19000 0.24457415614368463
20000 0.24488213243459067
21000 0.24279359367365888
22000 0.24191859218040027
23000 0.24055519296930958
24000 0.24328785258082442
25000 0.24106875750981444
26000 0.2405926695274326
27000 0.24078835857970343
28000 0.24104497729191107
29000 0.240244601915862
30000 0.24131906414869025
31000 0.24131178169496864
32000 0.23738730092079066
33000 0.2389919092144229
34000 0.23616559294638492
35000 0.23800253850383274
36000 0.23587737116009222
37000 0.2374770154923941
38000 0.2341788987987857
39000 0.23230278485901634
40000 0.23600830786094423
41000 0.23658834415288937
42000 0.23700897298589585
43000 0.23404961073827868
44000 0.23585901672061446
45000 0.23329711362631456
46000 0.23618047524519095
47000 0.23171681160399257
48000 0.23627984400031005
49000 0.2362634251398707
50000 0.23498978883269758
51000 0.2338470186218986
52000 0.2342695608117057
53000 0.2313595430689614
54000 0.2324532322893221
55000 0.2350386386866325
56000 0.23369165441271877
57000 0.2322408539649369
58000 0.2328584494240104
59000 0.23289949484718142
60000 0.23275061544144535
61000 0.23381119246030763
62000 0.23128597530589615
63000 0.23363029261150509
64000 0.23126694601569386
65000 0.22937107316319197
66000 0.23321018982940417
67000 0.2342858473408409
68000 0.2318997666950316
69000 0.23131538952727784
70000 0.23167595380340417
71000 0.23021568509271922
72000 0.22987675107870714
73000 0.23341576719508414
74000 0.231950272194725
75000 0.2311637780065079
76000 0.22316639368307797
77000 0.2343202614099364
78000 0.22903170065772463
79000 0.22466276008471003
80000 0.22980064032532296
81000 0.2284989455132376
82000 0.23250941982661824
83000 0.2312687009598318
84000 0.22536928425493472
85000 0.23294477378796632
86000 0.2324749127453029
87000 0.22950650782011564
88000 0.23034031035580116
89000 0.22878597872546552
90000 0.23152755090671406
91000 0.22701614528053476
92000 0.22985479255049154
93000 0.2314962862253211
94000 0.22950913094407732
95000 0.23088445655313192
96000 0.22936976285367938
97000 0.23217123536875778
98000 0.23032167873632467
