0 0.3089426934585502
1000 0.3082083504840408
2000 0.3041542991772737
3000 0.3061798052819039
4000 0.30222846699956096
5000 0.3026488360254554
6000 0.30270402955282444
7000 0.2970122324773615
8000 0.2927188521733834
9000 0.29638704484025613
10000 0.3002471298083197
11000 0.29654208203564947
12000 0.29500888711964285
13000 0.2930632566980694
14000 0.2933740916283157
15000 0.29235794491795936
16000 0.2927162601833135
17000 0.2893195644784512
18000 0.2876900833614564
19000 0.2834137831329461
20000 0.2869517990809893
21000 0.28787166532038216
22000 0.2822521066049441
23000 0.282072223853408
24000 0.2795025285594529
25000 0.2826696515823553
26000 0.27879899738404346
27000 0.2806289372665059
28000 0.27711369387333307
29000 0.2808956812531409
30000 0.27492784962457584
31000 0.2772638481913034
32000 0.27973441443495256
33000 0.27375110073159786
34000 0.27315050748429665
35000 0.2761525101859119
36000 0.26987672575963895
37000 0.2705371884180547
38000 0.26879012514657596
39000 0.2726897418056986
40000 0.27114551165367873
41000 0.2672000907500698
42000 0.2696941656992764
43000 0.2685305596876454
44000 0.26590981912133915
45000 0.268251468607915
46000 0.2658122807061071
47000 0.2635403135500897
48000 0.26028153557149075
49000 0.2592352631105611
50000 0.2661406513320283
51000 0.262481339016066
52000 0.2593105115971241
53000 0.2610501217126888
54000 0.26095653435661115
55000 0.26244688914218395
56000 0.25641360569886446
57000 0.25983143539261
58000 0.2578141664177815
59000 0.256622716760846
60000 0.2555534598258169
61000 0.253399037406148
62000 0.2564518390324078
63000 0.2520218512521023
64000 0.2571498662286961
65000 0.2507703613740193
66000 0.2481681891902075
67000 0.2542763572581721
68000 0.24874666767324474
69000 0.24956051382464456
70000 0.24750044753951375
71000 0.2466960557432591
72000 0.2457891115490533
73000 0.24852913432929458
74000 0.24926370262819894
75000 0.2467145451765933
76000 0.24130110180190165
77000 0.24152698289617353
78000 0.24194112438815027
79000 0.23824160872064493
80000 0.23738496811969662
81000 0.24484204508167093
82000 0.24172309053532368
83000 0.2352391464949529
84000 0.23455830632464456
85000 0.23516307436962602
86000 0.23830141207481262
87000 0.23484163290490997
88000 0.23431538245298397
89000 0.24031913965137683
90000 0.2373384362015621
91000 0.23238420001654864
92000 0.23566283435376206
93000 0.23550916857298065
94000 0.23217236585413814
95000 0.2272981039994804
96000 0.2320791374053297
97000 0.23289643258289464
98000 0.23124265520307813
