0 0.3011983262511727
1000 0.296268358912918
2000 0.2937616565137592
3000 0.2936530984781037
4000 0.2893288502992953
5000 0.2933290848188923
6000 0.2923438562067455
7000 0.2924261269130578
8000 0.2964685321325991
9000 0.2956117890845355
10000 0.2927180396255746
11000 0.29154786379584435
12000 0.29244292610204686
13000 0.29250269923971234
14000 0.2917136435921746
15000 0.2930503863777557
16000 0.290429663389673
17000 0.29205493340650174
18000 0.29153048217620336
19000 0.2931318658425169
20000 0.28936796217074645
21000 0.2944953968104884
22000 0.2935685380441113
23000 0.2968532988759794
24000 0.2944580451328602
25000 0.29133607443338383
26000 0.29254037863294113
27000 0.2925943947921542
28000 0.2891361184299954
29000 0.29229444343373523
30000 0.2916808987929929
31000 0.29256728069733334
32000 0.2934827947150457
33000 0.29508702462550523
34000 0.29514843028899684
35000 0.29641647377491337
36000 0.29576175603731025
37000 0.2945547492628485
38000 0.29367494552681994
39000 0.291594661052877
40000 0.2950633706323745
41000 0.29870005060045546
42000 0.2945560886534504
43000 0.29078800717851666
44000 0.29660885952074745
45000 0.29726682343726346
46000 0.2959649693974234
47000 0.2916915219688395
48000 0.2905896112105636
49000 0.2948366681916788
50000 0.2947529772531567
51000 0.2933398955183837
52000 0.29602028393055296
53000 0.2993839307926491
54000 0.291358922182144
55000 0.29337791843420713
56000 0.2951302595070364
57000 0.29567982367890255
58000 0.2965313510374673
59000 0.2961369901637976
60000 0.29468336486557695
61000 0.2898107389026106
62000 0.29399240618822803
63000 0.29594130374108596
64000 0.2948148338887062
65000 0.29633233603198533
66000 0.29397487208522277
67000 0.290945110782191
68000 0.2948695769877766
69000 0.29533279089594505
70000 0.2923004173412415
71000 0.2958023256666617
72000 0.29047965586380453
73000 0.29551753045395385
74000 0.29545429816489815
75000 0.2933291025858842
76000 0.2972400443066015
77000 0.29698290193661403
78000 0.29047213058581023
79000 0.29471478395325884
80000 0.2914254241849128
81000 0.2966998775278035
82000 0.2904022035333765
83000 0.2897974247125816
84000 0.2975226760713339
85000 0.29811051620316303
86000 0.2963948751701656
87000 0.2974499913211972
88000 0.29578079098597526
89000 0.29523289657865326
90000 0.2906559033902377
91000 0.2954525950526316
92000 0.2953034922737464
93000 0.29398614274120194
94000 0.29927323471678025
95000 0.29929899703685814
96000 0.29131092767155664
97000 0.30080564953809535
98000 0.29334124212139817
