0 0.4075804164365813
1000 0.403431727513916
2000 0.39999811779564737
3000 0.39602002347589127
4000 0.39502639206050927
5000 0.39636928363171736
6000 0.3961055269422562
7000 0.39682223167124164
8000 0.3997455633607991
9000 0.39452969398329124
10000 0.4008221886725783
11000 0.39975922911554124
12000 0.3934572799184941
13000 0.3977457242395059
14000 0.3966854020466547
15000 0.39948801533702705
16000 0.3954593820251502
17000 0.3959041573342765
18000 0.40061125503194206
19000 0.39692668391165226
20000 0.3915157468983948
21000 0.39685803697881705
22000 0.3962187571712055
23000 0.3901174699543407
24000 0.3924952144745649
25000 0.39801173583438654
26000 0.3959107715167679
27000 0.39357503891966233
28000 0.3935622311402582
29000 0.3879062178599731
30000 0.39282606293670885
31000 0.39472828264870524
32000 0.39236942858013196
33000 0.3952733302440256
34000 0.38953057705992195
35000 0.39670072293799974
36000 0.3938181757110314
37000 0.3956345406846852
38000 0.39277158836386505
39000 0.3922520228627316
40000 0.3949783202637566
41000 0.39505695049180006
42000 0.38857403449223477
43000 0.3908200661807584
44000 0.39433967625809935
45000 0.39327397144882176
46000 0.38852894742909605
47000 0.39392331505758377
48000 0.3863144129215746
49000 0.3927280878279232
50000 0.3886709430020032
51000 0.39227857067964267
52000 0.392156205974474
53000 0.39280120892580533
54000 0.39523721124280586
55000 0.39455629030424144
56000 0.38625092999813104
57000 0.3902057123776631
58000 0.39169195410007
59000 0.3881874965745418
60000 0.3862203504129058
61000 0.3850343136899739
62000 0.38707282067022214
63000 0.38926392694731815
64000 0.39266170042904974
65000 0.3864785753903401
66000 0.3846948373167682
67000 0.3903192156546764
68000 0.3890399827637291
69000 0.3833174560400613
70000 0.39369884564877033
71000 0.38562682819135885
72000 0.3890759314551724
73000 0.3890500058388251
74000 0.3874122048419417
75000 0.3897860443526893
76000 0.3912537974983383
77000 0.38636435009609243
78000 0.38269607599481054
79000 0.3846792381551166
80000 0.38981781867089765
81000 0.3834040822075785
82000 0.3811434536542761
83000 0.38530179697896394
84000 0.3854798336593393
85000 0.38667093633032246
86000 0.389567897681834
87000 0.3876526969598321
88000 0.38591931435084154
89000 0.38883140134563526
90000 0.38482103684601304
91000 0.3867323788487881
92000 0.3876637441745834
93000 0.38288172034665224
94000 0.3853568145007584
95000 0.38503015842740396
96000 0.38477483554927155
97000 0.38341401726683744
98000 0.38282492056594974
