0 0.39094581212884216
1000 0.3854692986037203
2000 0.3849472071501127
3000 0.3794869869372336
4000 0.3824222546123309
5000 0.38303401851661206
6000 0.3833748481408737
7000 0.3781434765707833
8000 0.3805342795256237
9000 0.38356611069289953
10000 0.380018981019823
11000 0.3821095797728828
12000 0.37759838853539635
13000 0.3809305931908261
14000 0.37670832255931186
15000 0.38274172243724963
16000 0.37924241444700996
17000 0.380174425242774
18000 0.3782191635353622
19000 0.3772633384317978
20000 0.378339639406309
21000 0.38287242599823407
22000 0.38057578141356063
23000 0.3835038725959491
24000 0.3798967671147736
25000 0.38135254525655027
26000 0.38307837269513234
27000 0.3769595632783262
28000 0.3786146342740564
29000 0.3799313136900212
30000 0.37750233975122377
31000 0.3788650883168749
32000 0.37741634382993333
33000 0.38114924208635487
34000 0.3753263410541109
35000 0.3835536406773582
36000 0.37891935080648487
37000 0.380268241581372
38000 0.3775605637333574
39000 0.37967111345704957
40000 0.37737986207048346
41000 0.37631992268929454
42000 0.3774334910911953
43000 0.3740046059969083
44000 0.3766966011610318
45000 0.38188463995501437
46000 0.3724012466047565
47000 0.3830124191216707
48000 0.37612841823422316
49000 0.3772553444803448
50000 0.38176905770998026
51000 0.38092079996201633
52000 0.3806516088560561
53000 0.38197655027015875
54000 0.3811366104230751
55000 0.3752068415742783
56000 0.37711369616466617
57000 0.38357136305953987
58000 0.3798039553983033
59000 0.38223291139962406
60000 0.3801182762434385
61000 0.37516931777260637
62000 0.37557023682143886
63000 0.381556409377531
64000 0.38166269264029623
65000 0.3768123106634331
66000 0.3787805444058652
67000 0.3806917555353601
68000 0.3783808971345178
69000 0.37412083653087164
70000 0.3801567415878011
71000 0.3785319452103323
72000 0.3784923270710221
73000 0.3759213523182589
74000 0.3777312099782353
75000 0.3773309666964243
76000 0.3733702819179938
77000 0.37664350609335534
78000 0.3788845788431846
79000 0.3755344721021106
80000 0.3807982125124281
81000 0.37922916576507243
82000 0.37745991468715645
83000 0.38133371278030737
84000 0.38059911357409354
85000 0.3807329789469707
86000 0.3784673664454671
87000 0.37436644352852516
88000 0.37504914233122066
89000 0.3816020251448641
90000 0.3784681206568279
91000 0.38141394076023977
92000 0.3768210744178424
93000 0.3797748210214821
94000 0.3774991445860952
95000 0.3744548797475114
96000 0.3758156006365937
97000 0.3790467058656114
98000 0.379334527852448
