0 0.4241045430946968
1000 0.4201021941388911
2000 0.41048844404678564
3000 0.41270113374636325
4000 0.41557235511665547
5000 0.4097976051431129
6000 0.4158036506266267
7000 0.4144004848170264
8000 0.41140957770396896
9000 0.4126998983133372
10000 0.41190591909996327
11000 0.4105898311234882
12000 0.41200395317735317
13000 0.41477559781995454
14000 0.40645583107523164
15000 0.4094907125207615
16000 0.4121019583759318
17000 0.4177571591856886
18000 0.4139281309212815
19000 0.42033108557054094
20000 0.4100210596588023
21000 0.41016020813224435
22000 0.40921518197708906
23000 0.4107064558784061
24000 0.4100423839734042
25000 0.41722455546375903
26000 0.41486135594004053
27000 0.41064998938193725
28000 0.4156789933813887
29000 0.41504097972903314
30000 0.41584797421264436
31000 0.4125388092221923
32000 0.4152636343428522
33000 0.4157471718422458
34000 0.4128506728949358
35000 0.4122961609657082
36000 0.411716615053796
37000 0.41358005226820216
38000 0.41202697411119277
39000 0.414607025473044
40000 0.4161909320645964
41000 0.4170031759759311
42000 0.41046394705962774
43000 0.41251436285446297
44000 0.4107399427574604
45000 0.4167903653573062
46000 0.41268681713472444
47000 0.41365552187247645
48000 0.41452321868873016
49000 0.41066651720135583
50000 0.4113991071339005
51000 0.41307883047512073
52000 0.41480003685616906
53000 0.4113180859412185
54000 0.4080416720752858
55000 0.41730194314734126
56000 0.4159253621630491
57000 0.40935184433795446
58000 0.40852695764727104
59000 0.4141263865936809
60000 0.4154945836938785
61000 0.4133976402646752
62000 0.4141687766053146
63000 0.4153295292660002
64000 0.41583649823616864
65000 0.4158505866014679
66000 0.41268523811652874
67000 0.41343449442087804
68000 0.41482111661551907
69000 0.41293713527468673
70000 0.4165303101817326
71000 0.40829300949068836
72000 0.41212251476218115
73000 0.41210039930421005
74000 0.41549000920859896
75000 0.4138634915383094
76000 0.41372506528937014
77000 0.41630334399327057
78000 0.4127334134214425
79000 0.4107479879067198
80000 0.4158045253480289
81000 0.4182637454902451
82000 0.41498227372239216
83000 0.4125953667435391
84000 0.4132210004302636
85000 0.4159436858634895
86000 0.41573227713361843
87000 0.41479975194768753
88000 0.4147638541164764
89000 0.41497591323058813
90000 0.4113231787376598
91000 0.414761180535983
92000 0.41143783592463146
93000 0.4127592574189769
94000 0.4116413439021175
95000 0.4108783889575308
96000 0.41488770177927065
97000 0.4117346031014202
98000 0.41033883512532326
