0 0.26747703010157603
1000 0.23667526255013446
2000 0.21429971185181756
3000 0.1986186688628705
4000 0.1842824076771646
5000 0.16955888594830607
6000 0.1665094683643936
7000 0.15505098890253743
8000 0.1480704675315515
9000 0.14299764547619914
10000 0.13641516224723854
11000 0.13184016637152735
12000 0.12891884765816145
13000 0.126911199080262
14000 0.12507591688417527
15000 0.12213274600924617
16000 0.11636325498328816
17000 0.11425764317600585
18000 0.11396233702354078
19000 0.1112487844499253
20000 0.11075111165437314
21000 0.10941445544570534
22000 0.10465309092588593
23000 0.10663928303193489
24000 0.10479158988001544
25000 0.10078867471129577
26000 0.10094752985890003
27000 0.10031768706592623
28000 0.09752234551892473
29000 0.09730936720225093
30000 0.09413199517883203
31000 0.09478817373087729
32000 0.09358053143040684
33000 0.0932709496855694
34000 0.09195147301073835
35000 0.09213391863465732
36000 0.08996324617542716
37000 0.08966145777929739
38000 0.08924794203358019
39000 0.08866955609472237
40000 0.08952391834439205
41000 0.08648780908991693
42000 0.086952323567822
43000 0.08655440725001036
44000 0.08453893537441845
45000 0.08592042073411575
46000 0.08393119805702208
47000 0.08448406499305068
48000 0.0822446981606372
49000 0.08411009352789627
50000 0.08411196633046479
51000 0.08122885545495163
52000 0.08125065174214603
53000 0.08084662537203935
54000 0.0814392291995043
55000 0.08006491174323288
56000 0.07731313438156646
57000 0.07809269566163507
58000 0.08079107706543308
59000 0.07625484213790547
60000 0.07671564743823754
61000 0.07760751753310205
62000 0.07862340562535346
63000 0.07751084779526067
64000 0.07772207545619161
65000 0.0774462974247073
66000 0.07827872719626981
67000 0.07665763942842625
68000 0.07669929833939694
69000 0.07564060770701132
70000 0.07588868931517306
71000 0.07451824249469005
72000 0.07653940248283479
73000 0.07530011907273419
74000 0.07345072442381664
75000 0.07555808799001353
76000 0.07437634989795174
77000 0.07625126325104677
78000 0.07493389073546336
79000 0.07350495589844507
80000 0.07379835096078642
81000 0.07357715538104598
82000 0.07352659052252425
83000 0.07285701429379941
84000 0.0720350636713153
85000 0.07175226760508999
86000 0.0719538665520147
87000 0.07104189962734982
88000 0.07209291359635057
89000 0.07106444347415691
90000 0.0732367467503273
91000 0.0709124841983598
92000 0.07313835321875106
93000 0.07175377981034584
94000 0.0708408498519738
95000 0.07271787104500185
96000 0.07189998441065291
97000 0.0703988227594691
98000 0.07002438989336271
