0 0.27384731027820874
1000 0.2742170219709298
2000 0.27238408458177815
3000 0.27028757094330036
4000 0.26732290832607974
5000 0.26990022593809704
6000 0.2736621136339474
7000 0.2673019666434331
8000 0.2638679831476024
9000 0.2666591143234477
10000 0.2654658907054405
11000 0.2601112634275902
12000 0.26009548687430883
13000 0.26046624273721897
14000 0.2606917547427247
15000 0.2591748448956852
16000 0.25741000997325675
17000 0.2585107195396268
18000 0.2541469613336112
19000 0.25697196298980246
20000 0.2539107263673521
21000 0.2575826368898993
22000 0.2548806308978407
23000 0.25396086317134553
24000 0.2530134036094452
25000 0.2517124568928384
26000 0.2519347739272504
27000 0.24623706085462416
28000 0.2502373441312022
29000 0.24673630955953577
30000 0.25096682797585523
31000 0.2527243331020411
32000 0.24616345802120457
33000 0.24400990811613713
34000 0.24369168553492962
35000 0.24387784199797327
36000 0.23889560694400352
37000 0.2424911731504288
38000 0.2430684101831306
39000 0.24475926104535137
40000 0.24257733730758146
41000 0.242170858152994
42000 0.2407260132035636
43000 0.24160780108418198
44000 0.2418048876638669
45000 0.23878945277346028
46000 0.2399890576979561
47000 0.23778288388386945
48000 0.23480534595519145
49000 0.23552957338326683
50000 0.23453720028064737
51000 0.23330149728104133
52000 0.2316274026858243
53000 0.23233384252514644
54000 0.23090837534377012
55000 0.23029239026885165
56000 0.22969327382999336
57000 0.23105060087194054
58000 0.23170965766588542
59000 0.22970144333377654
60000 0.23064220026910892
61000 0.22925391795718003
62000 0.23285044360573892
63000 0.22660614961644804
64000 0.22635742789716026
65000 0.23071334262376847
66000 0.22866120631416045
67000 0.22243894695288177
68000 0.22467671511063517
69000 0.22381299340429886
70000 0.2288131428469093
71000 0.2272478172182048
72000 0.22436197663041693
73000 0.22169427263509803
74000 0.22453577578050624
75000 0.22197104869738762
76000 0.2232208132141989
77000 0.22136076807478783
78000 0.22364792590832078
79000 0.21738175843964608
80000 0.22034231559523948
81000 0.21965959509697797
82000 0.22011659947511666
83000 0.22304239254312289
84000 0.2188121975004934
85000 0.22004710242219386
86000 0.2144074723296537
87000 0.21741160051448155
88000 0.21581913697789137
89000 0.21729629585200855
90000 0.2164034742168941
91000 0.2161370443704201
92000 0.21920134346824166
93000 0.21722059565937304
94000 0.2074043319771706
95000 0.21224814532951072
96000 0.2121947813366268
97000 0.21347314242445098
98000 0.21349253373277677
