0 0.28382829592101105
1000 0.2789711735044108
2000 0.2772855183616074
3000 0.27833849047955916
4000 0.2753012761253185
5000 0.2714595000090078
6000 0.26989847217820184
7000 0.27546179290518596
8000 0.26956295077848097
9000 0.2665453906574346
10000 0.26966827880839767
11000 0.26096112851502196
12000 0.2647810194462241
13000 0.2651401490491414
14000 0.25658343544740636
15000 0.25871334302955057
16000 0.2580512149391227
17000 0.25780085070001
18000 0.2540241458125496
19000 0.2542474785969715
20000 0.2535919985811462
21000 0.2524894977170473
22000 0.2517779728111644
23000 0.25021382062177255
24000 0.24788721438094044
25000 0.24620457048237576
26000 0.24622303531083148
27000 0.24521326291035675
28000 0.24639884580358043
29000 0.24351941705370728
30000 0.2424582025568959
31000 0.24372866173373298
32000 0.23970899911235496
33000 0.23485781856119264
34000 0.23917087965820116
35000 0.24234856231248092
36000 0.2329854380788265
37000 0.24038152445637273
38000 0.23626996181334597
39000 0.23710468356774556
40000 0.2347417617297023
41000 0.2328478347084065
42000 0.23088810436830737
43000 0.23314875585151057
44000 0.23248171569276418
45000 0.22804662788813151
46000 0.23162618226605286
47000 0.22489691977344134
48000 0.22632556373088922
49000 0.22959740178976215
50000 0.22581553380605762
51000 0.22322249248294745
52000 0.22493935758104122
53000 0.2261601484515403
54000 0.22139396737696365
55000 0.22278449064022512
56000 0.21885734047533625
57000 0.2238277411047649
58000 0.21768123862404726
59000 0.2184673219353316
60000 0.2243065381157697
61000 0.2186423965707133
62000 0.21762672157104046
63000 0.21418863513189554
64000 0.2174339578269326
65000 0.21458440165040066
66000 0.21399196148085906
67000 0.21484715022770398
68000 0.20936535455318553
69000 0.21416256005773018
70000 0.21352936109150078
71000 0.2142341230222135
72000 0.2123767498951808
73000 0.20890374600507183
74000 0.2099484157701922
75000 0.20907873372696176
76000 0.21207949222588468
77000 0.20477059778730347
78000 0.20757089814396554
79000 0.2078331940411569
80000 0.20781507655425735
81000 0.20928964445260895
82000 0.20828100052903895
83000 0.20397470079808336
84000 0.20819583006226647
85000 0.20219426692019976
86000 0.20050835549493087
87000 0.20656895447963072
88000 0.20259081149329566
89000 0.20373936666893042
90000 0.1999563017919146
91000 0.2009296931983025
92000 0.20102234705440725
93000 0.19932509059119485
94000 0.1936837956039192
95000 0.19926086355654565
96000 0.19834988399260486
97000 0.19593361546507176
98000 0.19701899325235245
