0 0.2869351973994966
1000 0.27145025225309233
2000 0.257328961863198
3000 0.25115914818753493
4000 0.24427553391280668
5000 0.22991276326167753
6000 0.22122159732367058
7000 0.22386361905271937
8000 0.2127466211894604
9000 0.20732043580105183
10000 0.20197122758017147
11000 0.19618848945577802
12000 0.1896824852867352
13000 0.18770372598610038
14000 0.1818979309534406
15000 0.17888622728333356
16000 0.178290731230852
17000 0.1742328419528651
18000 0.16816886326563257
19000 0.16568369252788454
20000 0.16366447714626606
21000 0.16055178662693856
22000 0.1583842919149773
23000 0.15940281370827894
24000 0.1546357261052033
25000 0.1532373577430626
26000 0.15113398024106375
27000 0.15142723047113915
28000 0.147844960614092
29000 0.141688515870092
30000 0.14521063871315343
31000 0.14285893926110058
32000 0.1405144958912231
33000 0.13971132510587356
34000 0.13926207942918045
35000 0.1387231480470679
36000 0.13432996813642034
37000 0.1319842026197111
38000 0.13165175094641277
39000 0.129725309454538
40000 0.1294494401613057
41000 0.12594606215935567
42000 0.1275477976191687
43000 0.12727232586502987
44000 0.12646614272953954
45000 0.12222573544939516
46000 0.12231045864754032
47000 0.12188500301355534
48000 0.12330901192516044
49000 0.12118201455476425
50000 0.11937584406284678
51000 0.11880891160554542
52000 0.11738937837870099
53000 0.11907016284169882
54000 0.113523794557985
55000 0.1159679365573393
56000 0.11398283328627214
57000 0.11381041902960437
58000 0.11444649823445578
59000 0.11198617165149319
60000 0.1095024849309964
61000 0.10852165942878632
62000 0.11083420425241756
63000 0.10867434470764101
64000 0.11025068328014907
65000 0.11000849188076187
66000 0.11026112589782151
67000 0.10954448639124609
68000 0.10623979112740135
69000 0.10746646355897962
70000 0.107484710508652
71000 0.10582939970167224
72000 0.10442727400878728
73000 0.10562272522399116
74000 0.10471459976340043
75000 0.10408000374337414
76000 0.10329678801895902
77000 0.10147596612593432
78000 0.10333188847337631
79000 0.10400221643545741
80000 0.10083364691670557
81000 0.10071407841602595
82000 0.1016310552073771
83000 0.10070310762553887
84000 0.10222972377122705
85000 0.09922420929833929
86000 0.09794944480956434
87000 0.10017656086602829
88000 0.0986353458073619
89000 0.09788424450971935
90000 0.0982780346364942
91000 0.09971041865324876
92000 0.09694651087518678
93000 0.09888292922279865
94000 0.09736617815320768
95000 0.09509561477116288
96000 0.09494567900940913
97000 0.0960602597986536
98000 0.09475783289868575
