0 0.29896171638645297
1000 0.2939394763498825
2000 0.28698046592103865
3000 0.28725164717726703
4000 0.28810689226231384
5000 0.28074585832397597
6000 0.28060076089647823
7000 0.28032220932317836
8000 0.27728458988032995
9000 0.27536319576890844
10000 0.27159690794414204
11000 0.2723614207486705
12000 0.26870385920311673
13000 0.26689373892118523
14000 0.26650559568860577
15000 0.26051831793676894
16000 0.2638109609510826
17000 0.2586227426694618
18000 0.25884691152454303
19000 0.2550261694895403
20000 0.2538484846771352
21000 0.2542949987379147
22000 0.25619195663915023
23000 0.252169446895363
24000 0.2463811742911601
25000 0.24748788851695833
26000 0.24446909121944455
27000 0.2429858032907536
28000 0.24726292690509638
29000 0.2412775099050276
30000 0.24314835791337394
31000 0.2434819260693445
32000 0.2404022165163828
33000 0.23737885181433444
34000 0.23471062408266
35000 0.23506694331585753
36000 0.23484290351684894
37000 0.23000305494066872
38000 0.23498713378836
39000 0.2327360394618224
40000 0.23141306988618882
41000 0.23368611428995803
42000 0.2277964400713795
43000 0.22651186485321265
44000 0.22956461715788395
45000 0.22716890047286575
46000 0.22936956050266474
47000 0.22469875518996546
48000 0.22664820469671518
49000 0.2227805519980169
50000 0.22407868324432784
51000 0.2225943167900102
52000 0.22183960287487703
53000 0.21884090393202826
54000 0.21956695674647062
55000 0.21863065341657417
56000 0.21984399914900446
57000 0.21368907670898807
58000 0.21593951880998452
59000 0.2189370952558971
60000 0.21329516729875106
61000 0.21385221130910015
62000 0.21453409717654767
63000 0.21366226564414192
64000 0.2123015917722172
65000 0.21164822670827835
66000 0.21308567840396184
67000 0.21325557432201742
68000 0.2108035573420376
69000 0.2104425178577774
70000 0.20823271837293156
71000 0.2097709021435666
72000 0.20618874017674874
73000 0.20516341947064018
74000 0.2083598695397452
75000 0.20646927411288007
76000 0.20106955662114295
77000 0.20453013560212654
78000 0.19974613147166395
79000 0.2041160117390366
80000 0.20353848507142364
81000 0.2056938758443709
82000 0.20280675361348893
83000 0.19992658545293326
84000 0.20529187310015842
85000 0.20263606095498168
86000 0.19972984032807495
87000 0.2018720816038676
88000 0.2046215108852389
89000 0.19947267860376883
90000 0.19731593822491894
91000 0.194945818398279
92000 0.19738374804594244
93000 0.19618105383516746
94000 0.1962863424286093
95000 0.19409380789603287
96000 0.1975544334221049
97000 0.1957509337113313
98000 0.1953070832087509
