0 0.3129175644637344
1000 0.3092372099647286
2000 0.3068452120983316
3000 0.3062735635333697
4000 0.30624317944387974
5000 0.30355245277703913
6000 0.3050519720183218
7000 0.3079760099285974
8000 0.30580320518636284
9000 0.30446456197084104
10000 0.3061809540629582
11000 0.30560507155308475
12000 0.3080123207889109
13000 0.306114825210667
14000 0.3105904962082002
15000 0.3059917699530416
16000 0.30366181918645213
17000 0.30684677606346467
18000 0.3092996608155817
19000 0.30732352154581105
20000 0.3112374910747924
21000 0.3048885399627274
22000 0.30633066444033585
23000 0.3075237922516809
24000 0.3077573944966307
25000 0.3082026391001327
26000 0.30785471508900564
27000 0.31032079864246964
28000 0.30567436757398725
29000 0.3070090478889658
30000 0.3071238220577973
31000 0.3079144748390086
32000 0.30741370828332604
33000 0.3089037013206725
34000 0.30893398454680804
35000 0.3086873784863365
36000 0.30975259698373553
37000 0.3089329546885366
38000 0.3112094259795438
39000 0.31193203925620316
40000 0.30516482198361927
41000 0.3080451924860889
42000 0.3072955664056888
43000 0.3074674428842528
44000 0.3134988607779043
45000 0.3086811556274032
46000 0.30762535755727677
47000 0.3107681003793285
48000 0.30947107513913535
49000 0.31022674058213906
50000 0.3067193293993768
51000 0.3106133460165641
52000 0.31030277699635134
53000 0.3080015462283847
54000 0.31124935013976407
55000 0.30635795257409226
56000 0.30398760757812243
57000 0.30928368915860394
58000 0.31170518424804244
59000 0.3085982893350216
60000 0.3136544347009038
61000 0.3081473706266598
62000 0.3151075395681995
63000 0.30731847361672715
64000 0.3090510293390937
65000 0.30857559377050087
66000 0.3093541035892517
67000 0.3080913652755083
68000 0.3116796559267618
69000 0.3087623968080986
70000 0.3086953112959749
71000 0.30844162554066196
72000 0.31356820189603823
73000 0.3109015060185949
74000 0.31001088490307666
75000 0.30594723438998744
76000 0.31291169135087554
77000 0.30899625691973703
78000 0.30510859276448743
79000 0.3088417050554365
80000 0.3102860941910152
81000 0.30708880929857546
82000 0.3089238540257365
83000 0.3136428833160734
84000 0.3107986372994835
85000 0.30951194406649685
86000 0.3081300050789764
87000 0.3112006364225286
88000 0.3104968347264794
89000 0.3150818219190493
90000 0.3112521670750684
91000 0.3101017547148697
92000 0.3147069513427541
93000 0.30923151348904426
94000 0.3105930581498747
95000 0.3100749797330233
96000 0.312339217082086
97000 0.31333392369391067
98000 0.31109755016209717
