0 0.3542665875818092
1000 0.3472875935180823
2000 0.34226173152854256
3000 0.3443948434406018
4000 0.3429002524347129
5000 0.3427125719506826
6000 0.33968908406854204
7000 0.3420890197120051
8000 0.338164483651946
9000 0.3377162101385132
10000 0.3381780299605635
11000 0.33682666526477734
12000 0.33901716180828445
13000 0.33747005418758064
14000 0.33753495540996675
15000 0.340462131696789
16000 0.33579830530314986
17000 0.33545159519422135
18000 0.3354349708174653
19000 0.3358431202896243
20000 0.33092263578423875
21000 0.3353912378476888
22000 0.330454189074779
23000 0.3320917875410903
24000 0.33109414630011824
25000 0.3273724133662575
26000 0.32921790120845174
27000 0.3268641067636227
28000 0.3308798177471136
29000 0.32977076669321825
30000 0.32875289068539254
31000 0.3278541919569711
32000 0.3299640209385849
33000 0.3292910747427793
34000 0.3348033334513621
35000 0.329800172340613
36000 0.33132503716683476
37000 0.32630194420061964
38000 0.32340745823089856
39000 0.3260934153321798
40000 0.3310042807075789
41000 0.32496671390110743
42000 0.32280087198664376
43000 0.32739902102702684
44000 0.32389424144682166
45000 0.32451049309188973
46000 0.3220795467495134
47000 0.32074158391353647
48000 0.31393178864780186
49000 0.31766716868529543
50000 0.3142349643393832
51000 0.3170805077923097
52000 0.315530759033169
53000 0.31922299463173404
54000 0.3178149675827452
55000 0.3204825751665805
56000 0.3168675532517855
57000 0.31632616443247996
58000 0.3194682181424063
59000 0.31677219301255743
60000 0.3137952593858223
61000 0.31910729878717636
62000 0.31128039378410277
63000 0.31302639383605724
64000 0.31808232951182086
65000 0.3139921681004789
66000 0.30992325214321975
67000 0.3195255441356123
68000 0.3141242276555423
69000 0.3148014919749317
70000 0.3115445204989852
71000 0.3113448540986058
72000 0.31103929909009426
73000 0.3053620156524416
74000 0.3100108672626554
75000 0.3083150703539973
76000 0.3155010186780361
77000 0.31428397456408613
78000 0.3143446069769045
79000 0.3109779815891978
80000 0.31040960844995724
81000 0.31238390326743365
82000 0.30801208528095464
83000 0.31060024196730945
84000 0.3080823389157703
85000 0.30910091838032355
86000 0.3059086817401023
87000 0.3055324391235834
88000 0.30644876416683786
89000 0.3057794647402169
90000 0.3120285525208082
91000 0.30733378386376736
92000 0.30533359040318664
93000 0.30674770156635534
94000 0.30439263786993853
95000 0.30242585924821347
96000 0.30104596400743
97000 0.3039907107888626
98000 0.3033069489170639
