0 0.23601533634969324
1000 0.17437536513662505
2000 0.14890770781392657
3000 0.12933855735188213
4000 0.11983904218989629
5000 0.11117415281301483
6000 0.103980759826628
7000 0.09968327953717808
8000 0.09495678274845545
9000 0.0921588675350156
10000 0.08779231191123305
11000 0.08830392216090162
12000 0.08433211106286877
13000 0.08269051049313558
14000 0.08255135666857014
15000 0.08086575891398445
16000 0.07795864373390184
17000 0.07685975526287717
18000 0.07695912242734415
19000 0.07316052526521447
20000 0.07243405628992308
21000 0.07175151575716993
22000 0.07167065268517665
23000 0.07277386719875223
24000 0.07120846434039547
25000 0.06958158359874596
26000 0.06905614391751277
27000 0.06989688865449112
28000 0.06981123567432536
29000 0.06854097810568865
30000 0.06923616272196396
31000 0.06706000202761206
32000 0.0659397691986191
33000 0.06560189222588904
34000 0.06639613262338974
35000 0.06504344918017894
36000 0.06277873296620652
37000 0.064083983205147
38000 0.06375691414984509
39000 0.0644353093701799
40000 0.06378036650665227
41000 0.06557270694939164
42000 0.06446124456286106
43000 0.06299013929388464
44000 0.06444090877712873
45000 0.06416395921710011
46000 0.062265637651784465
47000 0.06108147755037531
48000 0.061204859401809336
49000 0.06296937715474274
50000 0.06048017298094681
51000 0.0628364761556155
52000 0.06226934811742618
53000 0.06153833212269262
54000 0.05993373618110665
55000 0.06238619372792407
56000 0.06218108334903984
57000 0.06194200877423219
58000 0.06207790706248778
59000 0.06106161142526774
60000 0.06073631522800034
61000 0.06077059319922498
62000 0.060430838383981625
63000 0.0596483482600309
64000 0.0609871027841582
65000 0.05966249109342613
66000 0.059710496465472926
67000 0.0583752072003931
68000 0.05828554192057577
69000 0.06027472041982235
70000 0.05960101812290098
71000 0.05990481947010533
72000 0.05810652189581444
73000 0.0592733402699839
74000 0.057813195647754494
75000 0.05997889634964495
76000 0.058312191523320074
77000 0.05948169446845124
78000 0.05798381258542534
79000 0.060170772611552195
80000 0.05921619146962447
81000 0.05931965062910395
82000 0.06007682610640661
83000 0.05994950181118823
84000 0.05887694697781067
85000 0.05946417131408497
86000 0.05885778289628308
87000 0.05866364744450832
88000 0.058960271705024575
89000 0.05862404022904572
90000 0.05827391854747814
91000 0.059251787983608376
92000 0.05874924182734706
93000 0.058433021961167
94000 0.05846093062514859
95000 0.0572548567506499
96000 0.05836474656137062
97000 0.059519615367899376
98000 0.05927535249467261
