0 0.3214737167815079
1000 0.31581256143544817
2000 0.3053151284375249
3000 0.300243289759582
4000 0.2954145905066492
5000 0.289609109562108
6000 0.28324992421870765
7000 0.27445859776894244
8000 0.2765361793617432
9000 0.2683088008062382
10000 0.26239246081692
11000 0.2637010336018613
12000 0.2564063066867048
13000 0.2555979589582388
14000 0.25157753361707946
15000 0.2493846383590238
16000 0.24546096149642693
17000 0.24213360437291076
18000 0.239297474990868
19000 0.23572005572895602
20000 0.23315554432354899
21000 0.23038514563967477
22000 0.23414508607256837
23000 0.23057033133260355
24000 0.2272802477069329
25000 0.2212977465535103
26000 0.21939960011131465
27000 0.22060066163643424
28000 0.21958553405047065
29000 0.2139668733686286
30000 0.21498247533222653
31000 0.21205489789443924
32000 0.21168531955571632
33000 0.2079428992174784
34000 0.21070865205005518
35000 0.20606228574670052
36000 0.20450667187299293
37000 0.20637163347448198
38000 0.20193832282349444
39000 0.19885086649964306
40000 0.19991126754431948
41000 0.19742699742647357
42000 0.19759543684627207
43000 0.19598873724243757
44000 0.19420148777803198
45000 0.1936856563283954
46000 0.19214592061008148
47000 0.18966784458123098
48000 0.1885497939277159
49000 0.18536673180605567
50000 0.190445854493509
51000 0.18739290520590068
52000 0.18605649381110573
53000 0.18508003873975476
54000 0.18525920573461815
55000 0.1855536418879258
56000 0.18350725493223974
57000 0.17997353025131285
58000 0.18033127543163033
59000 0.18059426000575737
60000 0.17939292629589512
61000 0.17916169978152002
62000 0.175733408687782
63000 0.1782281510444973
64000 0.17668331006527146
65000 0.17786134390507388
66000 0.17505446736014757
67000 0.17461343676701255
68000 0.17213502888945914
69000 0.17358240331146907
70000 0.17205739772208
71000 0.1717620362095512
72000 0.1748417464776583
73000 0.16992871882300942
74000 0.16953992211036106
75000 0.17053983411884668
76000 0.17100510681454434
77000 0.17097486984937493
78000 0.16705553317577737
79000 0.1650586908589133
80000 0.16930808892832613
81000 0.16729136903937117
82000 0.165024097294442
83000 0.16528202571765885
84000 0.16439883212354495
85000 0.1661246783868581
86000 0.16313285057427573
87000 0.16245814811551995
88000 0.16354639436409257
89000 0.16354381395307005
90000 0.165684384595397
91000 0.16519393490377998
92000 0.1631564530658018
93000 0.16187128468956857
94000 0.163384334627792
95000 0.16094986685647697
96000 0.1568047103534591
97000 0.15952057239145193
98000 0.1610893270940238
