0 0.2874636313770687
1000 0.2492587193362593
2000 0.2252908989496149
3000 0.20351518040877012
4000 0.18813806458127286
5000 0.17667128596640816
6000 0.16799350458195186
7000 0.1617579895269882
8000 0.15295449163454744
9000 0.14793087823486
10000 0.1415626051218419
11000 0.13765806812198714
12000 0.1334129981139875
13000 0.12703491671767106
14000 0.12537014762500479
15000 0.12306180649303475
16000 0.11774842778483995
17000 0.11692032389204847
18000 0.11651204270110645
19000 0.11504152844098162
20000 0.112222067386872
21000 0.10973936928924204
22000 0.10875310237025122
23000 0.10249815542331006
24000 0.10131471084305715
25000 0.10353179176923734
26000 0.10101643083069703
27000 0.10128104904365333
28000 0.09883053233566062
29000 0.09997249904572404
30000 0.097070886686284
31000 0.09692583670301619
32000 0.09709706462869412
33000 0.09353876775640674
34000 0.0933456575332267
35000 0.09338152752135528
36000 0.09201096252294808
37000 0.09265391385730004
38000 0.0918868178001477
39000 0.08960385872626951
40000 0.08914373336553777
41000 0.08923368626397428
42000 0.08799831599757457
43000 0.09021918482910361
44000 0.08947704747875537
45000 0.08742032423191443
46000 0.08736906320461603
47000 0.08617164925160649
48000 0.08505481207455072
49000 0.08625977922609294
50000 0.08388490448932448
51000 0.08446245150396135
52000 0.08409506301505563
53000 0.08356193688901975
54000 0.08441138502845755
55000 0.08338061855676264
56000 0.08260992875078683
57000 0.08389268807365431
58000 0.08194492295293714
59000 0.08155336056232165
60000 0.08089573234529207
61000 0.0817455565924047
62000 0.07983605248767761
63000 0.08207254002570043
64000 0.08016728899879583
65000 0.08080110611842313
66000 0.08008033597927909
67000 0.08083983803914478
68000 0.07902653824685522
69000 0.07940209352437995
70000 0.0779448118609555
71000 0.07815156582218524
72000 0.07816412879289487
73000 0.07754482086697434
74000 0.07758096144071969
75000 0.07736131143672297
76000 0.0765921964101556
77000 0.07485995155782554
78000 0.0777051701340866
79000 0.0764143266019213
80000 0.07717278794792319
81000 0.07736083186436293
82000 0.07657013835571173
83000 0.07632381742420397
84000 0.07653565611066415
85000 0.07644222779274372
86000 0.07432098328828565
87000 0.07571479558356485
88000 0.07643463527343991
89000 0.0739292815698271
90000 0.07248665331739426
91000 0.07329423677032187
92000 0.0731919888987819
93000 0.07331615214804046
94000 0.07471517330468337
95000 0.0725679620785856
96000 0.07310999920268173
97000 0.07374829244781844
98000 0.07402938151568499
