0 0.32126921812422504
1000 0.3197444883955469
2000 0.31883744488509147
3000 0.31808731446509414
4000 0.3207994861370422
5000 0.316675150606641
6000 0.3184187664238627
7000 0.32053981318743424
8000 0.31686993249764656
9000 0.31997167923366243
10000 0.31846940971417775
11000 0.32046822796472485
12000 0.32119371183739753
13000 0.31718154704395896
14000 0.3201644812197796
15000 0.3214543016087406
16000 0.3168854271512409
17000 0.31527585764682065
18000 0.32082327559469226
19000 0.318358079335782
20000 0.3196295064710084
21000 0.31626287707577805
22000 0.321572550441609
23000 0.31761342115625046
24000 0.3211588118825517
25000 0.3163603697007747
26000 0.3214789958565618
27000 0.3177371926707366
28000 0.3203328705119166
29000 0.3186850649093971
30000 0.3154860925566978
31000 0.3154757262431042
32000 0.3184175100369131
33000 0.3183558209455974
34000 0.31594289064087966
35000 0.3144071910025634
36000 0.3173518620142292
37000 0.3138069412026545
38000 0.31730054983894235
39000 0.31860460620479303
40000 0.3164954887900616
41000 0.31642569658046765
42000 0.31722033135355376
43000 0.3162795768845691
44000 0.3155458023847018
45000 0.31912422285339104
46000 0.32044173747109495
47000 0.31763141660210154
48000 0.31637808183855337
49000 0.31814049929752203
50000 0.3196151062955021
51000 0.3108373617186369
52000 0.31617826148500305
53000 0.3177500740933169
54000 0.31472879496837813
55000 0.3143498708338913
56000 0.31785041603881525
57000 0.31556857010293304
58000 0.3182246649221502
59000 0.31532751051447616
60000 0.3161660529008607
61000 0.3152862402597152
62000 0.32033656411785505
63000 0.3149408185448796
64000 0.316011638526759
65000 0.31450882040091804
66000 0.3189896062982084
67000 0.3126329521450744
68000 0.3157336987101609
69000 0.3156997072877797
70000 0.3239209826297024
71000 0.31883300831563954
72000 0.31485287576277854
73000 0.3125610808540236
74000 0.31468119564859437
75000 0.317806863771667
76000 0.31742782458392926
77000 0.3183191720985896
78000 0.31798901712890254
79000 0.3135613418414874
80000 0.31548784645642786
81000 0.3144833427744397
82000 0.3123997798131826
83000 0.3170508535470384
84000 0.31144090466275437
85000 0.3142495657664223
86000 0.31577469724708274
87000 0.3185520818532561
88000 0.3106558101864611
89000 0.31838977985217054
90000 0.312348769920645
91000 0.31364327545339177
92000 0.3135989322109412
93000 0.31471279838890065
94000 0.3153556073043029
95000 0.31321701326576923
96000 0.313011874871905
97000 0.3088827313122271
98000 0.31579324665445
