0 0.26331015793324086
1000 0.23572988574964207
2000 0.214665349996816
3000 0.19720127077277677
4000 0.18036271146641134
5000 0.17578032645117211
6000 0.1639678371449293
7000 0.15554193789046755
8000 0.1471896737435663
9000 0.14413265458571017
10000 0.13465406901615334
11000 0.13198294797319185
12000 0.1285788626097851
13000 0.12571024103324396
14000 0.1233109250544693
15000 0.12030478218187214
16000 0.11860350526459885
17000 0.11307543276121323
18000 0.11217445033114823
19000 0.11044457104034507
20000 0.10638127199700849
21000 0.10550827165128066
22000 0.10336336289131777
23000 0.1031897234922645
24000 0.1003964047051769
25000 0.10058508487385795
26000 0.09540534218996827
27000 0.09682328576867967
28000 0.09573564719613767
29000 0.09283128501084136
30000 0.0948546172845785
31000 0.09324309578925012
32000 0.09331880997032195
33000 0.08889031423579569
34000 0.09152550085490503
35000 0.08851519625463643
36000 0.0887659128571536
37000 0.08949185349233277
38000 0.08728458849370034
39000 0.08583625091789605
40000 0.08635877392803668
41000 0.08594288158575113
42000 0.08524078835019458
43000 0.08531779770988565
44000 0.08626114145243446
45000 0.08415791167277123
46000 0.08359910385926325
47000 0.08407278198738358
48000 0.08433165145368275
49000 0.0818900488243404
50000 0.08279531802533575
51000 0.08205797836087113
52000 0.08344622403229313
53000 0.07931284246080937
54000 0.07879271458647547
55000 0.0786756062878465
56000 0.07895999621680644
57000 0.07774830600017302
58000 0.07872643250812274
59000 0.07843514405757823
60000 0.07899843043673653
61000 0.07808509717590761
62000 0.07800070288287968
63000 0.07738338858013638
64000 0.07646834063486876
65000 0.07588833482417373
66000 0.07605158257748666
67000 0.07550942625070854
68000 0.07575902230833519
69000 0.07400680453014276
70000 0.07571221319300928
71000 0.07634905067657764
72000 0.07271688187884005
73000 0.07266855781966013
74000 0.07431369086191263
75000 0.07433898740266608
76000 0.0725661962114434
77000 0.07339660254129543
78000 0.0721375955939783
79000 0.0738175668350457
80000 0.07280240408663541
81000 0.07421811586327508
82000 0.07177572051093034
83000 0.07112588469810292
84000 0.07184298367262816
85000 0.07097510954372538
86000 0.07094152142505845
87000 0.07081228717077671
88000 0.07131756417969098
89000 0.07266982248626032
90000 0.07231604632191757
91000 0.07015886208388551
92000 0.07175841110924014
93000 0.07249908423888
94000 0.07179420847383
95000 0.07002495776928025
96000 0.07003674446514953
97000 0.0696338752421167
98000 0.07020066560399436
