0 0.26060375080262543
1000 0.25833044549342654
2000 0.2575105775637837
3000 0.25205661155638803
4000 0.252350157271824
5000 0.2526226160567527
6000 0.24859193643038618
7000 0.24592724332285176
8000 0.2444462249631745
9000 0.239854985587875
10000 0.24183580721474687
11000 0.23811466235235862
12000 0.2381517992879777
13000 0.2365604169830103
14000 0.24062741466008883
15000 0.23649775696279948
16000 0.23512350152076564
17000 0.23363691416603247
18000 0.23586853469570013
19000 0.22589143533041045
20000 0.2289707251989222
21000 0.22695778603102035
22000 0.22998034794329614
23000 0.22483470401535274
24000 0.22473052011027173
25000 0.2206034970334864
26000 0.2207803618183126
27000 0.22294316310788262
28000 0.22405005872113834
29000 0.2183337104175537
30000 0.2174915093608888
31000 0.21571379048625466
32000 0.21643147527302645
33000 0.21742234106786806
34000 0.2172577443602572
35000 0.21697384564696445
36000 0.2148011179538692
37000 0.21634428062154407
38000 0.21238522107507904
39000 0.21264464910760772
40000 0.21283095131487367
41000 0.2143105931095028
42000 0.21169318459457231
43000 0.20874881957517175
44000 0.20878282235055162
45000 0.20853710235464934
46000 0.20638545811862252
47000 0.21051693623142612
48000 0.2079624924315464
49000 0.20355814308676665
50000 0.20566867295144722
51000 0.2056432366860924
52000 0.20301244080151298
53000 0.20621580362846303
54000 0.20732699666178647
55000 0.20108869875457377
56000 0.2044303404891294
57000 0.20084934736152799
58000 0.2004300103038722
59000 0.19753228701744852
60000 0.20062735369609322
61000 0.19912248170609356
62000 0.19927810234855595
63000 0.1989581353669577
64000 0.1996284774359589
65000 0.19575424017491158
66000 0.19490453115351186
67000 0.19637234345919924
68000 0.1950198888819565
69000 0.19562342199106042
70000 0.1957528504022984
71000 0.1942772887855619
72000 0.1976227005419397
73000 0.1949807036136754
74000 0.19603062487841322
75000 0.19415850763278222
76000 0.20067826246959924
77000 0.19623863481601433
78000 0.1954501944225092
79000 0.19169806328821637
80000 0.19388507195621973
81000 0.18979554098399906
82000 0.19536999898528204
83000 0.190169527731211
84000 0.18996746664757846
85000 0.19029434484142332
86000 0.19036367768189685
87000 0.18890514917241547
88000 0.18751924429925892
89000 0.18952854627000304
90000 0.19082785666355762
91000 0.18773130341099203
92000 0.18515540637172453
93000 0.19206025418071276
94000 0.19110912045433678
95000 0.19062743972339227
96000 0.19047056591710007
97000 0.1892000309325156
98000 0.1868395208631456
