0 0.26075449945237983
1000 0.22977116622007113
2000 0.21025391483435665
3000 0.19673052642578095
4000 0.18378773927113734
5000 0.1685695735258339
6000 0.16121878953382157
7000 0.15307592539484985
8000 0.1462702060484538
9000 0.14024981711644455
10000 0.13605791721198826
11000 0.13258390936396672
12000 0.1272031716896737
13000 0.12200249661129249
14000 0.12174138051947044
15000 0.11671478124653561
16000 0.1155878610334756
17000 0.11259001009969988
18000 0.10997396086270685
19000 0.1075408654159907
20000 0.10399174730287519
21000 0.10259345887546463
22000 0.10429209130408008
23000 0.10284239344421628
24000 0.09883355890424456
25000 0.0972486727711214
26000 0.09550924794815867
27000 0.09598273516058717
28000 0.09325117595990978
29000 0.09166163295326112
30000 0.09109550010509429
31000 0.09121932567862043
32000 0.09151833234123986
33000 0.08814452360988598
34000 0.08906636894233193
35000 0.0876395604726651
36000 0.0861727893432816
37000 0.08551111220577966
38000 0.08580417393729027
39000 0.08541784528375444
40000 0.08396055278477314
41000 0.08397626042881984
42000 0.08296410591242663
43000 0.08167760116365691
44000 0.0835078435619066
45000 0.08025012829799151
46000 0.0799122375235612
47000 0.08139681851150306
48000 0.07958691038350715
49000 0.07842887125341678
50000 0.07651748127445936
51000 0.0797914491134411
52000 0.07988882637400078
53000 0.07800379447088367
54000 0.07751307227616883
55000 0.0763172795236737
56000 0.07512967908464456
57000 0.07558031990316422
58000 0.07587144406856954
59000 0.0744891051036854
60000 0.07606725521227486
61000 0.0760026684310424
62000 0.07443971469811167
63000 0.07517170480160473
64000 0.0742086396950722
65000 0.07419816470708276
66000 0.07354983228955185
67000 0.07308292391236482
68000 0.07480907331023884
69000 0.07450959460629325
70000 0.07314653720126006
71000 0.07379466789208874
72000 0.07282166438441627
73000 0.07325611801425212
74000 0.07252346197072637
75000 0.07279452823553069
76000 0.07209689292936594
77000 0.0718154383781881
78000 0.07178896613620499
79000 0.07209484978212913
80000 0.06973067618822898
81000 0.07113781877298701
82000 0.07186053292172268
83000 0.06966439955179289
84000 0.07020209592960422
85000 0.07085001568853361
86000 0.07008469731280557
87000 0.07124878098389202
88000 0.07080808823806761
89000 0.0693843274901047
90000 0.07083435826924654
91000 0.06983173262249248
92000 0.0697962822052075
93000 0.06932866566109618
94000 0.06956087505006901
95000 0.06909824372962019
96000 0.06989209916532949
97000 0.06920028967326579
98000 0.07168214054730822
