0 0.24209031734790237
1000 0.18374253562254989
2000 0.15141563366177174
3000 0.13224159838038116
4000 0.12338580468767894
5000 0.11044659740382412
6000 0.10636022078117162
7000 0.10122526220424108
8000 0.09706888986845753
9000 0.09294497232418764
10000 0.09102507990794553
11000 0.08893727785803895
12000 0.08329444524522174
13000 0.08406506815759941
14000 0.08228759472805815
15000 0.08019870708209055
16000 0.07818305407973171
17000 0.07917258751861257
18000 0.07719865409298911
19000 0.07704242330596657
20000 0.07476396109182953
21000 0.07451986361984798
22000 0.07357325545250143
23000 0.07300055778893626
24000 0.07154684613546619
25000 0.07067350511833272
26000 0.07183338384821615
27000 0.07046665280753917
28000 0.06998033880197221
29000 0.06926439605074239
30000 0.06882896488963902
31000 0.06847179970101938
32000 0.06785147477420392
33000 0.06674591280438869
34000 0.06783825664520977
35000 0.06459043383174023
36000 0.06583130060398831
37000 0.06519351261001216
38000 0.06543586481674664
39000 0.06538482433670455
40000 0.06543775589886687
41000 0.06448024010883398
42000 0.06483356868732981
43000 0.06340103348387675
44000 0.06421776867772327
45000 0.06325107343455741
46000 0.0634888136714252
47000 0.06312519285840539
48000 0.06291180136789377
49000 0.06444654670045176
50000 0.06253664426830997
51000 0.06245811203681159
52000 0.06209574701456483
53000 0.06298435084792015
54000 0.06282036800654792
55000 0.06250268893846807
56000 0.06303577972042462
57000 0.062002148753658795
58000 0.062176513600904926
59000 0.0623810258738814
60000 0.06262704702299488
61000 0.061821184392266665
62000 0.06234280590045185
63000 0.059953645636601
64000 0.060552796004324574
65000 0.06075381392408625
66000 0.06168162907091903
67000 0.061985818759604155
68000 0.06025949366351769
69000 0.061525236295333914
70000 0.060311708593211166
71000 0.05919614431386726
72000 0.060191174829568046
73000 0.05982092981218187
74000 0.060516649339231045
75000 0.05938963648037301
76000 0.05996271137637797
77000 0.05997780605177755
78000 0.06151278936064765
79000 0.06074943864728866
80000 0.05908698592601985
81000 0.059710855982576305
82000 0.06086754544461263
83000 0.05992201808662612
84000 0.05800337087337777
85000 0.05956525004411633
86000 0.05863332543018755
87000 0.05898820708523149
88000 0.05950676688350093
89000 0.05899615736471224
90000 0.05918824242425719
91000 0.0589810043370961
92000 0.05967584786529434
93000 0.05834448578705116
94000 0.05943524373314493
95000 0.05884565993894922
96000 0.05864351029861921
97000 0.05880396591476788
98000 0.05925934102950122
