0 0.35863576535972513
1000 0.3623118597496005
2000 0.35686252268891244
3000 0.35542174047029873
4000 0.35564258977548613
5000 0.35552518282146567
6000 0.35863612587732946
7000 0.36000053262040405
8000 0.35375605923280473
9000 0.3560999213049792
10000 0.36021871022577234
11000 0.3603698689468597
12000 0.3589998477146987
13000 0.35160227566634467
14000 0.3588596086812074
15000 0.3548131824430196
16000 0.354410364574025
17000 0.35392981897675924
18000 0.35408372905446006
19000 0.3489657767941993
20000 0.3578007754558715
21000 0.35949454196595654
22000 0.3531856377560696
23000 0.35693738946877346
24000 0.3579743440404391
25000 0.3560782216266205
26000 0.3543497006780371
27000 0.35263245136960836
28000 0.3513661130354865
29000 0.35606531603083075
30000 0.3519983929650664
31000 0.3537466590325679
32000 0.35280931248911573
33000 0.3533556253952846
34000 0.35399209472118703
35000 0.34991279929202546
36000 0.3526557249141438
37000 0.3565475658044076
38000 0.3514386250909235
39000 0.3542618518495878
40000 0.351273856487013
41000 0.35585781537616706
42000 0.3484471709341247
43000 0.3466012096670676
44000 0.34957661899137216
45000 0.353787672504899
46000 0.35414035296583113
47000 0.3514106139915258
48000 0.35500597388000016
49000 0.3531741826535964
50000 0.3554644003467963
51000 0.3516169202256595
52000 0.34797158825515007
53000 0.3503577993429554
54000 0.34886200037781107
55000 0.34819057388873065
56000 0.3499544206973196
57000 0.3564910109576118
58000 0.34717733476532864
59000 0.3493941683050344
60000 0.35063492448674766
61000 0.3471128680033852
62000 0.34816196846403985
63000 0.3510549193835037
64000 0.34982576885773875
65000 0.3510809981497405
66000 0.34913032612843276
67000 0.3487597189480681
68000 0.3474268279396274
69000 0.34577529635259024
70000 0.3460990929646443
71000 0.3473050829488139
72000 0.3469090615740224
73000 0.3493844729993983
74000 0.35663722154714333
75000 0.349632683067979
76000 0.35214831967218124
77000 0.34898548547198566
78000 0.3512083917330673
79000 0.3491626928344502
80000 0.3479189280489729
81000 0.3417892842589263
82000 0.3494105736897722
83000 0.3450826340625284
84000 0.3515021428291422
85000 0.3501498701413214
86000 0.3466737295734976
87000 0.35269322640669143
88000 0.3496686257466799
89000 0.3493195056055191
90000 0.3445782379205839
91000 0.3514718661105124
92000 0.34680225167966533
93000 0.3451847217884144
94000 0.3455481991402497
95000 0.3465365143468527
96000 0.34791283441064913
97000 0.3500209160113786
98000 0.3406200633610069
