0 0.3722508037679188
1000 0.36561320946793024
2000 0.3657192928116087
3000 0.36888545290052854
4000 0.36529731281141137
5000 0.3649970322547332
6000 0.364303871711888
7000 0.3657478136328515
8000 0.36596895773127147
9000 0.3605995678247933
10000 0.3628925143499415
11000 0.3668344565240652
12000 0.36526866284158854
13000 0.36489867977014884
14000 0.3621836907141758
15000 0.3595319875296958
16000 0.36361284394610105
17000 0.3616027839846182
18000 0.360386955481888
19000 0.3661329384024057
20000 0.36335711012045996
21000 0.36002711505481755
22000 0.3591026376355032
23000 0.35906765379655864
24000 0.3594261480835149
25000 0.3592314003714165
26000 0.3624929562122671
27000 0.36020653545678166
28000 0.3664464722135007
29000 0.3548950570537933
30000 0.3567803135608173
31000 0.3609914525337745
32000 0.3574797625216448
33000 0.35726252261060554
34000 0.3571087599575426
35000 0.3561156021251396
36000 0.35590364880309877
37000 0.35565377665458475
38000 0.3547270938111109
39000 0.35541535505731076
40000 0.35293953486178026
41000 0.3561982806083837
42000 0.35142355746033543
43000 0.35554412398640267
44000 0.3530722556688108
45000 0.35730894343674796
46000 0.3561959904278229
47000 0.35007420955972884
48000 0.3550022639542667
49000 0.3533082428978047
50000 0.3563114920321121
51000 0.352976519519589
52000 0.3512272381206494
53000 0.3515176324156169
54000 0.3499952112757779
55000 0.3535448720805869
56000 0.35649289431503506
57000 0.34926400011563935
58000 0.35009881862037084
59000 0.3458284023790341
60000 0.3497965893379066
61000 0.34958769498963177
62000 0.34659135231793586
63000 0.3445257979582037
64000 0.3503102714227125
65000 0.350985205781617
66000 0.3443992201421227
67000 0.34980754400915864
68000 0.34622161693600717
69000 0.3480854038755013
70000 0.34492347081152347
71000 0.34631219682484976
72000 0.34652088540238407
73000 0.3482400874381553
74000 0.34747373102886664
75000 0.3428692520142539
76000 0.3439499867099556
77000 0.34614718010365814
78000 0.34449612602978985
79000 0.3465037467055577
80000 0.34641506945837436
81000 0.3420979171172887
82000 0.3456785049510556
83000 0.34582343129629073
84000 0.34386714362071413
85000 0.3413849219159115
86000 0.340941220112133
87000 0.3446003358175944
88000 0.3386139933544326
89000 0.3418033298781741
90000 0.34358163779754797
91000 0.3418672245391535
92000 0.3403988789667241
93000 0.34028632497637196
94000 0.3447606922145672
95000 0.3392785361938136
96000 0.33964661941076135
97000 0.33854296573441944
98000 0.3375380506989874
