0 0.33996268147967834
1000 0.3425800292094059
2000 0.3383910481760317
3000 0.3433597863300216
4000 0.34772808353675366
5000 0.34283084083546955
6000 0.34360458997770743
7000 0.34155072586831425
8000 0.34311086030553695
9000 0.34142201605111366
10000 0.3459850650162101
11000 0.34256151897560516
12000 0.3400412641263135
13000 0.3402976250451975
14000 0.3412321624155565
15000 0.3414542558029986
16000 0.3407875722876168
17000 0.34212822820993355
18000 0.34360957435022393
19000 0.3403631270289098
20000 0.34487694890851883
21000 0.34468715532607846
22000 0.3450776261464396
23000 0.34249396720060077
24000 0.34166064366754206
25000 0.34246365627726283
26000 0.3434117049513487
27000 0.342476419108812
28000 0.34040707298710143
29000 0.3433657434977253
30000 0.340374319571478
31000 0.34560018142720755
32000 0.3450112941598025
33000 0.3470061412209424
34000 0.34966720124824036
35000 0.3447356704898742
36000 0.34451002742964754
37000 0.3439624461322183
38000 0.34412204134837254
39000 0.34259584722450726
40000 0.34134225289860626
41000 0.34440112314981897
42000 0.34089886912071626
43000 0.34625782055375964
44000 0.3433851467062627
45000 0.3483351584208942
46000 0.34751200111429853
47000 0.3457098272773885
48000 0.3474685654403364
49000 0.3483491179403266
50000 0.34530446108438634
51000 0.34630856778852925
52000 0.34657005589229933
53000 0.34077885185698115
54000 0.3438855802399635
55000 0.34045445021139126
56000 0.34503331575833923
57000 0.3500903001223653
58000 0.3442379709753425
59000 0.3450813323448783
60000 0.34493343727060966
61000 0.34439901093805775
62000 0.34689780717139057
63000 0.34396155713624066
64000 0.3433943336641243
65000 0.3457125552655902
66000 0.34118980784626013
67000 0.34441137489451523
68000 0.34617439470688965
69000 0.3471824482587229
70000 0.3461292597253332
71000 0.3410487829662026
72000 0.3462799392793705
73000 0.34244575685658474
74000 0.3436699926584765
75000 0.3458299315799786
76000 0.3473963808204437
77000 0.34504083954025455
78000 0.34791818475690134
79000 0.34720592895143426
80000 0.3480578567653302
81000 0.3472815754553519
82000 0.3517972791149722
83000 0.3462235695600787
84000 0.34489921710960586
85000 0.3464698256330239
86000 0.34508073068166945
87000 0.34859143428589484
88000 0.34443812944844693
89000 0.3418056020591686
90000 0.34880277593533315
91000 0.3450592358649397
92000 0.34489316215547833
93000 0.34154624551528934
94000 0.3417537714567058
95000 0.34639297210401077
96000 0.34573431810876337
97000 0.34465248182218
98000 0.3438176055134634
