0 0.34721769858502116
1000 0.3408454963406502
2000 0.3406612943101092
3000 0.33458957513622084
4000 0.3346930922846426
5000 0.3302417840677976
6000 0.32496850589109166
7000 0.3245630432016008
8000 0.32243881637524224
9000 0.3171168021329607
10000 0.3180882822362078
11000 0.31905754713043544
12000 0.3125389549944892
13000 0.3133829805320054
14000 0.3126673080010293
15000 0.3056237197736993
16000 0.3067153591453271
17000 0.30782450650528104
18000 0.302656827048146
19000 0.3085272668960804
20000 0.3042333152017965
21000 0.2997668185954167
22000 0.3019078097866956
23000 0.29917954066168234
24000 0.2966357738298544
25000 0.3007496526182386
26000 0.29268008137328705
27000 0.29432818379845793
28000 0.29516174760206537
29000 0.28743543882988626
30000 0.2904597432409951
31000 0.2868623973578181
32000 0.29069298596821125
33000 0.28671147802045027
34000 0.2888169194921315
35000 0.28872840460727556
36000 0.2874892569976253
37000 0.28203661043691725
38000 0.2828311157363481
39000 0.2819470776103025
40000 0.2790630283052634
41000 0.2727181218301043
42000 0.2782957351539882
43000 0.2784582629940382
44000 0.2756396605825988
45000 0.2802702151240672
46000 0.27277382037637243
47000 0.27400089790262283
48000 0.2719853425910707
49000 0.2734003240378784
50000 0.2717496227529985
51000 0.270767911663726
52000 0.2712929916762581
53000 0.2703355458516395
54000 0.2679584573284314
55000 0.2683647809959988
56000 0.26525208668806777
57000 0.26578618653418223
58000 0.2614151809720094
59000 0.26690869630088626
60000 0.26216663212690444
61000 0.2601825685131528
62000 0.26350957263015756
63000 0.2597097356763343
64000 0.2636578793631415
65000 0.26217064799166945
66000 0.2589894048538955
67000 0.2632575059859259
68000 0.25783334739118347
69000 0.260557650976083
70000 0.2570487435953819
71000 0.26060538494048047
72000 0.2585111148939381
73000 0.2531060207345398
74000 0.2589428228974643
75000 0.2569219895173074
76000 0.25431569531991505
77000 0.25452228974401153
78000 0.2623997646382927
79000 0.2570143091253019
80000 0.2591241173900356
81000 0.2600037540605401
82000 0.2571553649645215
83000 0.2566478117195212
84000 0.2568760762408775
85000 0.2503569833903517
86000 0.25264202813034153
87000 0.2514585733413716
88000 0.2496019733408891
89000 0.25028818528114793
90000 0.24976946116612794
91000 0.25352373901852554
92000 0.25254420596894867
93000 0.24932759927723733
94000 0.2518229546239794
95000 0.25041449984495306
96000 0.25064267205423996
97000 0.25228541229572365
98000 0.24950409095921816
