0 0.292679142556718
1000 0.2920381478724959
2000 0.28609515167955896
3000 0.2857866045175238
4000 0.2841455135132059
5000 0.28183870635859176
6000 0.2865032926602882
7000 0.28686272746625474
8000 0.28232750399511475
9000 0.2786038080114909
10000 0.2804344848749171
11000 0.281235271055534
12000 0.2818270051268268
13000 0.2800938702870019
14000 0.2759771537950501
15000 0.28114008448676175
16000 0.2768301475211763
17000 0.276290960600713
18000 0.2774541616808364
19000 0.2730787918748509
20000 0.2719980412430802
21000 0.2753395263458863
22000 0.27460414890593826
23000 0.2720848389145975
24000 0.2721087781253799
25000 0.26581394734433184
26000 0.26742457428684413
27000 0.26914436612081666
28000 0.267404436707275
29000 0.2703288827469106
30000 0.2665460199996345
31000 0.26831892034607613
32000 0.2618600037667592
33000 0.26627809914109163
34000 0.2637459631384086
35000 0.2612538177742126
36000 0.2610304959229999
37000 0.2566005572850947
38000 0.2594532273147692
39000 0.25719139551566583
40000 0.2606605178671219
41000 0.26053702898983194
42000 0.2553368132409883
43000 0.25290413456782723
44000 0.2587855562638834
45000 0.25554235035833084
46000 0.2539020600594648
47000 0.25650815091090157
48000 0.25606302312106355
49000 0.25112449700899897
50000 0.2503957734659722
51000 0.252798378736101
52000 0.25292043546010473
53000 0.24745423648224002
54000 0.25096280511617963
55000 0.24768043373228232
56000 0.25109236278249875
57000 0.24572878060510095
58000 0.24567391821422824
59000 0.2466565639638535
60000 0.2464733363118979
61000 0.24471768856892823
62000 0.24621900998918345
63000 0.24621556147530302
64000 0.2479037907457973
65000 0.24241729182795915
66000 0.24348396010752066
67000 0.24203999809738327
68000 0.23901116263164546
69000 0.24149696661347037
70000 0.2431620445062572
71000 0.24019718970005186
72000 0.2387043325132425
73000 0.23662131199436343
74000 0.23499653480778146
75000 0.23759818252846107
76000 0.2370614576353863
77000 0.23476734607678013
78000 0.23571330666437829
79000 0.23616410493819512
80000 0.23553291418332353
81000 0.23573737692967195
82000 0.2338401589370543
83000 0.2292183111535559
84000 0.23380294798988918
85000 0.2344531881583082
86000 0.234418147605455
87000 0.23088841707013405
88000 0.2299131004227576
89000 0.22788252235534492
90000 0.23122670992705083
91000 0.2296433868640548
92000 0.23285815510440583
93000 0.22550077384374997
94000 0.2315416297939563
95000 0.22840904948992855
96000 0.22585296070606706
97000 0.22652712643787826
98000 0.22956890679367098
