0 0.18671527022003595
1000 0.11946873674636749
2000 0.09817356766040217
3000 0.08722731654353069
4000 0.08217589107164523
5000 0.07776295815948438
6000 0.07303530876545641
7000 0.07181901996173165
8000 0.06978900942794297
9000 0.06834588939958301
10000 0.06583795265653486
11000 0.06507070296219566
12000 0.06410440914370746
13000 0.06450238561650476
14000 0.0631148580320918
15000 0.06127259232032722
16000 0.060919540534488795
17000 0.062088770755640094
18000 0.0597833813659745
19000 0.06027965749930725
20000 0.06016663043224803
21000 0.06042809395311741
22000 0.058969824124990106
23000 0.057959845286722274
24000 0.0593973281368997
25000 0.05790853042896767
26000 0.05944423040945345
27000 0.05905551116293568
28000 0.05909004574550798
29000 0.05791887845835135
30000 0.05768891938266676
31000 0.05783672385571176
32000 0.057422757684690066
33000 0.05776471903722864
34000 0.05667096618321153
35000 0.058031460415931865
36000 0.057230009648312714
37000 0.055817131246529705
38000 0.0563984406259474
39000 0.055427651498633726
40000 0.057918144349753356
41000 0.05480787276334701
42000 0.056360412933854034
43000 0.0570423959963883
44000 0.05591122399750515
45000 0.05557053946294679
46000 0.05470309591999224
47000 0.05534224909194275
48000 0.055856732390685136
49000 0.05548768156393489
50000 0.0553525843780056
51000 0.05505819768294733
52000 0.05561671613631426
53000 0.05563450265232974
54000 0.056059735941160566
55000 0.05614040015820312
56000 0.056388708007226056
57000 0.05561525452610681
58000 0.05597851272911253
59000 0.054802438909978324
60000 0.054523135561476234
61000 0.055547049120370964
62000 0.056087248631624495
63000 0.05464314872742812
64000 0.055658710986748676
65000 0.05412434367047889
66000 0.05560604666669092
67000 0.05507566807732512
68000 0.054439877239099974
69000 0.05394260997426346
70000 0.05491401509372415
71000 0.055144336946241795
72000 0.05544838513980639
73000 0.05483968050332705
74000 0.05487472505845279
75000 0.05511924825187091
76000 0.05345817860173194
77000 0.053569205576931456
78000 0.055002718633353494
79000 0.05477375272456977
80000 0.0562372642919015
81000 0.05348772296968338
82000 0.05511495406610236
83000 0.0548935050445287
84000 0.05317588696311217
85000 0.05487426480801022
86000 0.05609872266276219
87000 0.054074310153909184
88000 0.05389777729809531
89000 0.05326944716536626
90000 0.05562033448831228
91000 0.05446536562998561
92000 0.05408836934514451
93000 0.054115887328661405
94000 0.05516137463089432
95000 0.05414906709820855
96000 0.054731275081772154
97000 0.05364512482830364
98000 0.05338267714391737
