0 0.1877707758377573
1000 0.12199985757686432
2000 0.101323543020815
3000 0.08941577407937965
4000 0.08281638328519528
5000 0.07951780709251696
6000 0.07543156610826399
7000 0.07301286720991808
8000 0.06952813027854532
9000 0.06728863561749714
10000 0.06631704507776556
11000 0.066010973683095
12000 0.06538335235959657
13000 0.06391980839126203
14000 0.0633930226657411
15000 0.06205907533624429
16000 0.061596947293178037
17000 0.0612499803763335
18000 0.05955072060769824
19000 0.06195924746425281
20000 0.06195617004736022
21000 0.060468871351627485
22000 0.060699898104242485
23000 0.05813399455532671
24000 0.05889360194156182
25000 0.058899070375813045
26000 0.05761547865619488
27000 0.05940931862428092
28000 0.059313256191437985
29000 0.0584837808686525
30000 0.05709597562978105
31000 0.058631793134266225
32000 0.05787258751342523
33000 0.05750883902600929
34000 0.05667366411047186
35000 0.05587757962353177
36000 0.05692510994552233
37000 0.05527741037975434
38000 0.05684993552862871
39000 0.0574356643909481
40000 0.05640090591944585
41000 0.056890162584114064
42000 0.05736690988105687
43000 0.05709087013560312
44000 0.055291606240592574
45000 0.05642739197839759
46000 0.05622712370916295
47000 0.055728340991224125
48000 0.05578867596449154
49000 0.05705733186150147
50000 0.05637115295012876
51000 0.05579038503523788
52000 0.055488975757327606
53000 0.0549277430253714
54000 0.055708499403575196
55000 0.05748410214033978
56000 0.05665792569943902
57000 0.05679101217884844
58000 0.0554863762325132
59000 0.05422968807670345
60000 0.05464812549536627
61000 0.054955692107102626
62000 0.05594281664983804
63000 0.055792459332603704
64000 0.05579250580222832
65000 0.05531700877999993
66000 0.055096332554722675
67000 0.05453594104761769
68000 0.05510829608267886
69000 0.05540358032607184
70000 0.05459907697826989
71000 0.05559104024193177
72000 0.054939020145091506
73000 0.05474756330278664
74000 0.05397191515129166
75000 0.054466909268450436
76000 0.05463851104223127
77000 0.05411755064305099
78000 0.055392449931244404
79000 0.05479046421625543
80000 0.053797863535087115
81000 0.05405849658128692
82000 0.05503966544607875
83000 0.054660199904438274
84000 0.053848327170014254
85000 0.05486671068205344
86000 0.05449163473801482
87000 0.05488948404933795
88000 0.05487775038779489
89000 0.054230664054090626
90000 0.05376302653013213
91000 0.055260221499455774
92000 0.05378933495462299
93000 0.054383191038017545
94000 0.05483192962496472
95000 0.05550052375841709
96000 0.05512290379459806
97000 0.0535102198393995
98000 0.0550027020983166
