0 0.3015218953744076
1000 0.30120933882496126
2000 0.3008259134282505
3000 0.3004643848905161
4000 0.29956811569337566
5000 0.30153529215178493
6000 0.3022824185285334
7000 0.29967563545642284
8000 0.30174138422779273
9000 0.2983217986269545
10000 0.2995835910324248
11000 0.3027553448064069
12000 0.2985497441742311
13000 0.301926173980514
14000 0.29621100178838633
15000 0.2998575007288143
16000 0.3054533613411338
17000 0.2973643321544484
18000 0.29987939428652177
19000 0.30196183242191116
20000 0.2993231377992872
21000 0.3032591102314599
22000 0.29956981067339045
23000 0.3011333388160764
24000 0.30211056433438227
25000 0.30272640311849014
26000 0.30074330804591315
27000 0.30170033118450496
28000 0.30162927260893196
29000 0.2997113567837012
30000 0.3013165041045426
31000 0.30396402928370725
32000 0.29862572070847615
33000 0.30191552035228086
34000 0.30059241926022745
35000 0.30030414144914813
36000 0.30699513812385265
37000 0.3024985115530734
38000 0.3017335771361709
39000 0.2992733147558188
40000 0.30025433373268307
41000 0.30250331227791677
42000 0.301396818508378
43000 0.3004600294451296
44000 0.30035104244103505
45000 0.3002190898085193
46000 0.3005301838569156
47000 0.30070886224473875
48000 0.3029339044843835
49000 0.2989471846270342
50000 0.3007495018115511
51000 0.2989681533253942
52000 0.3022876841927259
53000 0.29965113361630097
54000 0.3000910149249089
55000 0.3023754427025606
56000 0.2971064799482037
57000 0.30199103121510656
58000 0.3068107642908616
59000 0.3006122459828935
60000 0.30611386395851775
61000 0.3042710500813641
62000 0.30335226157676254
63000 0.30215670870360034
64000 0.29973677678153515
65000 0.3051639880782675
66000 0.3051752447183369
67000 0.2996749315032034
68000 0.3038356406634271
69000 0.30606044787161635
70000 0.3051880134065176
71000 0.30261178714045317
72000 0.3016517440185017
73000 0.29861268441590305
74000 0.30602325718574713
75000 0.3019537042356983
76000 0.30714602053388984
77000 0.3005426927013164
78000 0.3044875510107662
79000 0.30707365890328925
80000 0.30515363238766313
81000 0.3063050506053103
82000 0.3063947866093445
83000 0.30121363317694244
84000 0.3037808422732597
85000 0.3023835212120302
86000 0.3053669345381047
87000 0.3053906257821333
88000 0.3063955949970797
89000 0.30362615203478016
90000 0.30075682884849764
91000 0.3064867249223705
92000 0.3006319022485932
93000 0.30417148287047635
94000 0.30605094450983195
95000 0.30474519453528226
96000 0.30275658232627184
97000 0.3073927752699669
98000 0.3051414553917812
