0 0.26060466766610807
1000 0.2625728802516317
2000 0.2597910217221189
3000 0.25753657324888674
4000 0.25917095653221894
5000 0.2530867240568164
6000 0.25215429925929267
7000 0.2545588596874503
8000 0.2504224379145314
9000 0.25028895878224305
10000 0.24809882970390784
11000 0.24340104677563842
12000 0.24213033456740019
13000 0.2425089013433056
14000 0.24165043298139546
15000 0.2393910901928392
16000 0.23909720677054797
17000 0.23841191196531544
18000 0.23625222291652917
19000 0.23708880870316879
20000 0.2319632083192826
21000 0.23564490061120094
22000 0.23050131714280833
23000 0.23238703629024995
24000 0.22904909955143005
25000 0.23135336930247452
26000 0.2284775306911335
27000 0.22788993119944487
28000 0.22221988424199765
29000 0.22557908516458977
30000 0.22373527489587228
31000 0.224900758686269
32000 0.2194659204827811
33000 0.225465393895581
34000 0.22119959790753968
35000 0.22248175100203413
36000 0.21546460538773327
37000 0.2202738874588961
38000 0.21811023325954454
39000 0.21565119866967725
40000 0.21759056123136425
41000 0.21619257476318576
42000 0.21589233486617115
43000 0.21202446604251524
44000 0.2133288471002502
45000 0.21181144934219046
46000 0.2098095298650191
47000 0.21113193859169804
48000 0.21332733044146063
49000 0.21297776282441283
50000 0.21331865200141692
51000 0.2092598162045912
52000 0.209026893103116
53000 0.20689040040873327
54000 0.2117713784652761
55000 0.20734579337349499
56000 0.2074061466737025
57000 0.20196839740834868
58000 0.2043764869413755
59000 0.2032142201217283
60000 0.20284482638078674
61000 0.20179274737697628
62000 0.20415616853463592
63000 0.20229967866345838
64000 0.2004279433966938
65000 0.1984411641206015
66000 0.204971721480616
67000 0.1975534752861784
68000 0.1997404237286489
69000 0.19855426077348695
70000 0.19799301734292096
71000 0.19801447188079943
72000 0.19714882924256055
73000 0.19672562037003732
74000 0.19529887349764405
75000 0.19488872865016346
76000 0.1935442709201987
77000 0.19315992440619187
78000 0.19274623156763318
79000 0.19473866044641264
80000 0.19220726011921194
81000 0.1919567454374299
82000 0.1937290036322484
83000 0.19251532405466393
84000 0.19347337830208228
85000 0.18952497636276724
86000 0.18752042181854967
87000 0.19252098942599297
88000 0.1910009896176038
89000 0.19128679983199626
90000 0.18662913468091177
91000 0.18729324494885036
92000 0.1900295751398306
93000 0.18893552696567428
94000 0.18828689846555932
95000 0.18463274790830703
96000 0.18666317444646846
97000 0.1889906260814719
98000 0.18762939749544863
