0 0.3561967069503707
1000 0.32478294396677776
2000 0.30542290374009595
3000 0.28238012948401553
4000 0.2691529587715857
5000 0.2596393431628345
6000 0.25375619961763407
7000 0.2433793886696595
8000 0.2339072619112878
9000 0.2306533045485487
10000 0.22705188080757158
11000 0.2165512190027052
12000 0.21360672269525427
13000 0.2066301874951278
14000 0.20511946990011853
15000 0.19888606016170712
16000 0.2026213486936818
17000 0.1937588772242813
18000 0.1898947405676833
19000 0.1889289920216509
20000 0.1865769700433599
21000 0.1863926392776504
22000 0.18209157230290596
23000 0.1747127535120576
24000 0.18286067454271293
25000 0.17765893385015108
26000 0.1765054855764067
27000 0.17183941171886438
28000 0.17085606020480903
29000 0.1702375287988747
30000 0.16884353108361416
31000 0.1662636517283492
32000 0.16437859954264208
33000 0.16302621248292898
34000 0.16246130462035638
35000 0.1622229015787002
36000 0.16099792556187079
37000 0.15897745729734347
38000 0.15701261830136926
39000 0.1583880295372032
40000 0.155189507232807
41000 0.15632213536737175
42000 0.15319659761065643
43000 0.15073724327251287
44000 0.15376114971186614
45000 0.15098467779496175
46000 0.1503620508944411
47000 0.15144979904356895
48000 0.15009454406683376
49000 0.1497776868414899
50000 0.14964678536047527
51000 0.14786013587626373
52000 0.1479578284615528
53000 0.14599547199465188
54000 0.1453012604382016
55000 0.1449205391399725
56000 0.14508666302395873
57000 0.1429743876904991
58000 0.1425045928653302
59000 0.14205326619354194
60000 0.1439951593592895
61000 0.14055456851846862
62000 0.13842455392707761
63000 0.1419108710804062
64000 0.14062517809935401
65000 0.14091504227058466
66000 0.13906305280498996
67000 0.13741846867700055
68000 0.13745778872616662
69000 0.13453445258256422
70000 0.13985330213018757
71000 0.1374263381239191
72000 0.13619929895118876
73000 0.1345844703828026
74000 0.13631876569428203
75000 0.13537534901985487
76000 0.13528231199385232
77000 0.13479537201692574
78000 0.13522758369916546
79000 0.13648135653800053
80000 0.13248573620805273
81000 0.1357201085804041
82000 0.1333369433456662
83000 0.13061293140633273
84000 0.1336409302443702
85000 0.13222271220926654
86000 0.1317822282873484
87000 0.13196518009062153
88000 0.1315141519098907
89000 0.13257544413635525
90000 0.13103143716555396
91000 0.13103970508149973
92000 0.1281831860728894
93000 0.13423630391750627
94000 0.13366292871832022
95000 0.12567122704908903
96000 0.12931078483618622
97000 0.13017060774469974
98000 0.12761815157146406
