0 0.2913529973610353
1000 0.2870545699359319
2000 0.2810686913708837
3000 0.28295236990834094
4000 0.2799482996913826
5000 0.27871027581519514
6000 0.2798743048620609
7000 0.26961091294148
8000 0.27214301734174934
9000 0.27095268899178765
10000 0.26816504325876206
11000 0.27388504239388406
12000 0.26522677573884107
13000 0.26836509127520153
14000 0.26372783226765173
15000 0.2669105963687285
16000 0.26385140856388634
17000 0.2619772711441869
18000 0.26281015467274776
19000 0.2566739284249107
20000 0.2579618913395456
21000 0.2588375288745081
22000 0.25500564429321043
23000 0.2581348822581409
24000 0.2554374152506761
25000 0.25500183211441974
26000 0.252060474736896
27000 0.2523400844106136
28000 0.24785785456621023
29000 0.25141377728958875
30000 0.24870242366448295
31000 0.25089943144909127
32000 0.24860352149250936
33000 0.2457913152063095
34000 0.24766519342998322
35000 0.2454802478917305
36000 0.2464429461819067
37000 0.24918409192773097
38000 0.24443085301629644
39000 0.24515327080600283
40000 0.2421268986914463
41000 0.24322184199374838
42000 0.2473723852200203
43000 0.24312815047540592
44000 0.2462062397983486
45000 0.24107031065724333
46000 0.24139012545839147
47000 0.2414895897542029
48000 0.2385036106011071
49000 0.23974856941822761
50000 0.23983531500387845
51000 0.24058078676928882
52000 0.23697760032637016
53000 0.23801620280508787
54000 0.23683418468739068
55000 0.23488049973999178
56000 0.2391641270991827
57000 0.23551239578616973
58000 0.23207342353211693
59000 0.2331829281644301
60000 0.23680843524173503
61000 0.23182066997006906
62000 0.23649310510283036
63000 0.23211296945386917
64000 0.23566016843774726
65000 0.23306473363096056
66000 0.23245431363576022
67000 0.23630369859536848
68000 0.23441487450245213
69000 0.23026979215005944
70000 0.22981038738065762
71000 0.2317764287387147
72000 0.2290170071251702
73000 0.22993155761978035
74000 0.2285898991101987
75000 0.23075445675060238
76000 0.22774242768832464
77000 0.22991624825829052
78000 0.23084946601157125
79000 0.22432259793241127
80000 0.22440117533229145
81000 0.22627721009633014
82000 0.23020042153493653
83000 0.22953827205803168
84000 0.22503816362603252
85000 0.22963200237061046
86000 0.22555618537253622
87000 0.2276444398327786
88000 0.2272898794426991
89000 0.2255210341513571
90000 0.2232969876520702
91000 0.2269212827857759
92000 0.22858413853257387
93000 0.22408893376935374
94000 0.22220045105217257
95000 0.22663757371910978
96000 0.2236433331831725
97000 0.224935218032582
98000 0.22391596955317333
