0 0.3446242166883931
1000 0.34519115893347957
2000 0.33944282435762074
3000 0.3419407189168048
4000 0.3460047051838702
5000 0.34521724153629063
6000 0.3438066054446836
7000 0.3466313292673449
8000 0.34578858224476083
9000 0.34817933111792443
10000 0.3457272632842856
11000 0.34445157935978105
12000 0.3445763598003831
13000 0.3462028648126179
14000 0.3446916540343637
15000 0.3461580298956426
16000 0.3429526357734249
17000 0.342115807157406
18000 0.3477180227188103
19000 0.3434760332514746
20000 0.3418091063251034
21000 0.34874278231668066
22000 0.3419719461869113
23000 0.34663987852068506
24000 0.3422443339709891
25000 0.34325478503245926
26000 0.3463467781845941
27000 0.34687149148617924
28000 0.3447678926687257
29000 0.34561779197087034
30000 0.34693283881741666
31000 0.34678205542788115
32000 0.34186526905572734
33000 0.3460677397994178
34000 0.34558778490029884
35000 0.3474875105223187
36000 0.35012403314559143
37000 0.3464965468073359
38000 0.3500760573957348
39000 0.34715863663093666
40000 0.34770210272943763
41000 0.34320248838873013
42000 0.3456675810949672
43000 0.3438565951117326
44000 0.3462235659685011
45000 0.3480716086191781
46000 0.34565645804649464
47000 0.34568762074200143
48000 0.34160266070997525
49000 0.34114880592222635
50000 0.34188036598777705
51000 0.35287251043446327
52000 0.3447886830127541
53000 0.34427597789676
54000 0.347445118135628
55000 0.3491325089952577
56000 0.34627358149201615
57000 0.3488333587139551
58000 0.3458223179100287
59000 0.3453719078539762
60000 0.3467013158782673
61000 0.34750290842130593
62000 0.34803252067474005
63000 0.3461309734834655
64000 0.3414107840465999
65000 0.34849118993225153
66000 0.34643256527942207
67000 0.3457506467135594
68000 0.3494780152607992
69000 0.34615798100711126
70000 0.3439393322252159
71000 0.3479981281744001
72000 0.3518689902673679
73000 0.3459485505071927
74000 0.35007720965623645
75000 0.34898554571605417
76000 0.3430587553469128
77000 0.3430044883040451
78000 0.34158611973053576
79000 0.3468225810969304
80000 0.34862907266286697
81000 0.34734218465645467
82000 0.34410440435159456
83000 0.34605817250007903
84000 0.3490333408215519
85000 0.34846707093824797
86000 0.3446734508159969
87000 0.34796864038155584
88000 0.34335102790248506
89000 0.34440597868093564
90000 0.34043989957183685
91000 0.34962688263618413
92000 0.3465494812571569
93000 0.3483797419071497
94000 0.3434585292056066
95000 0.34501567459723304
96000 0.34520914052418794
97000 0.34584515814271244
98000 0.3515252562348262
