0 0.28217591939338726
1000 0.28036058139177583
2000 0.2780675968447602
3000 0.27876068204508436
4000 0.2717003235933525
5000 0.26885280349458224
6000 0.2647830091554289
7000 0.2649263714303748
8000 0.26353776156577985
9000 0.259722918351742
10000 0.2598755800677178
11000 0.26012514352111454
12000 0.2564338896456424
13000 0.25693323159429843
14000 0.255646555316921
15000 0.25657944481242523
16000 0.2535955540229059
17000 0.2572578137231011
18000 0.2509896462755626
19000 0.25125944354986507
20000 0.24394650323459185
21000 0.24999472663001845
22000 0.24689878444935912
23000 0.24892815281039676
24000 0.24781361293920226
25000 0.2449216150765154
26000 0.24622363531117536
27000 0.2425578507967298
28000 0.24684087576033995
29000 0.24582885137002755
30000 0.24798634926879348
31000 0.2416054503549676
32000 0.24489630915090493
33000 0.24420309890947153
34000 0.24216563932003296
35000 0.24045010889546908
36000 0.24424320696136778
37000 0.2439430145471527
38000 0.2387100119476832
39000 0.23898024510480875
40000 0.23690650195804575
41000 0.24425590885434004
42000 0.2429710210973214
43000 0.237337444775306
44000 0.23673550152458012
45000 0.24322734619056413
46000 0.24398013676261004
47000 0.24025512043908212
48000 0.23759140180515792
49000 0.23976141013842142
50000 0.23823535577406355
51000 0.23782282050451126
52000 0.24023213277034713
53000 0.24168831743381974
54000 0.23718679929738204
55000 0.23724984659376389
56000 0.24044310146259285
57000 0.23860384433427817
58000 0.2379995196392181
59000 0.23398732997887556
60000 0.23428121366747048
61000 0.23747262752566595
62000 0.24024888524308324
63000 0.23296457809515264
64000 0.24008055113949694
65000 0.23733065514751453
66000 0.24297157514282808
67000 0.23798017493326856
68000 0.23813104610688096
69000 0.23826808854963794
70000 0.23765588165334744
71000 0.23590236735493794
72000 0.23273080612847455
73000 0.24004937419094852
74000 0.23866430607530378
75000 0.23721027415876816
76000 0.23633874755797796
77000 0.23877516948984095
78000 0.24336516505354022
79000 0.2347440079294872
80000 0.23605139590192387
81000 0.2349532941745168
82000 0.2360830754589419
83000 0.23204824267682636
84000 0.2317190289776471
85000 0.2374513298510338
86000 0.23608365540914975
87000 0.23449060334794333
88000 0.23773279869748426
89000 0.23549814502694094
90000 0.2343497358494254
91000 0.2376074316531035
92000 0.2372307938646219
93000 0.23954540548876405
94000 0.2397964333574356
95000 0.23636381939300763
96000 0.23341148203000192
97000 0.23796202184267287
98000 0.2351727788333771
