0 0.2610181796682564
1000 0.2295703525815725
2000 0.21136858996895241
3000 0.18888036053638085
4000 0.177057318572093
5000 0.16564266932286245
6000 0.15803858922960137
7000 0.15314472006497884
8000 0.14376042318490526
9000 0.13786274959508246
10000 0.13261164909109208
11000 0.129724984982879
12000 0.12909114225903506
13000 0.12443301757765404
14000 0.12059662819818223
15000 0.11688130627711599
16000 0.11331234926669277
17000 0.11142622932231422
18000 0.10745447225145814
19000 0.1080973598510108
20000 0.1048421481934364
21000 0.104809704684066
22000 0.10236816864652763
23000 0.10123610916626806
24000 0.10066101530521519
25000 0.0964411964571423
26000 0.0969091528434181
27000 0.09465686296035622
28000 0.09391877479105133
29000 0.09261448975121903
30000 0.09241231400397423
31000 0.09161635799150764
32000 0.09461642061479346
33000 0.08911477005596512
34000 0.0896559934783541
35000 0.09035097709494419
36000 0.08688548472374905
37000 0.08607977476327179
38000 0.08482690881398691
39000 0.08348130400540418
40000 0.08654433099243847
41000 0.08457909398980279
42000 0.08288966877825762
43000 0.08472902685591308
44000 0.08348446744482282
45000 0.08302741755595573
46000 0.08212238709850826
47000 0.08102058613506022
48000 0.08272812086498982
49000 0.08095621248487106
50000 0.07846502976355889
51000 0.07966717892477164
52000 0.07971310154992545
53000 0.07940428930294455
54000 0.07903502839069458
55000 0.07752205598864405
56000 0.0769758592586342
57000 0.0762369130173225
58000 0.07784633876538882
59000 0.07883567993012254
60000 0.0769975527853384
61000 0.07545803127284557
62000 0.0757528192674015
63000 0.07466135259626998
64000 0.07579507972842112
65000 0.07353567790477422
66000 0.07399202139288283
67000 0.0741069478953957
68000 0.07331678886321795
69000 0.07389012515543794
70000 0.07419629022969854
71000 0.07189330595728465
72000 0.07202226672200503
73000 0.07234125961606237
74000 0.0740355173304181
75000 0.07196132981206169
76000 0.07129809888408711
77000 0.07283462003466071
78000 0.07213729973890866
79000 0.07135636768711531
80000 0.07070940373958468
81000 0.07160781678955964
82000 0.07280070915103039
83000 0.06986555257986535
84000 0.06984094408275313
85000 0.07053672330157093
86000 0.07043590331398639
87000 0.069907030987582
88000 0.07003680323327996
89000 0.06954260471122412
90000 0.06954255405451618
91000 0.0693533044433786
92000 0.06941802503862828
93000 0.07108022090462474
94000 0.07043995583933438
95000 0.0712299636980599
96000 0.0702101429846349
97000 0.0689082115926538
98000 0.07020064547296707
