0 0.38168327287351006
1000 0.36156318248881997
2000 0.3558307683773205
3000 0.34799820098563566
4000 0.34158122728208745
5000 0.32768283501061524
6000 0.3249963326009827
7000 0.3168927118495965
8000 0.31055360285536543
9000 0.3028529118193574
10000 0.30187641887087674
11000 0.2921561168627756
12000 0.2905622758422391
13000 0.2868974954502028
14000 0.2864143780522028
15000 0.28015234505587233
16000 0.28315650036449647
17000 0.2757233390700757
18000 0.27479699670253205
19000 0.27662843695869177
20000 0.2691710947865613
21000 0.26829096238087863
22000 0.26341975335867707
23000 0.2633664993612035
24000 0.2628763229318662
25000 0.255297794336488
26000 0.2588613839489147
27000 0.2601546677902974
28000 0.25167066432776936
29000 0.2480396125554174
30000 0.25084790271512913
31000 0.24614900275056897
32000 0.2434434423677532
33000 0.2449962456970786
34000 0.23731486855932565
35000 0.24002931076844267
36000 0.24088323596787134
37000 0.23782568092603185
38000 0.23333619644392223
39000 0.2357569894981825
40000 0.23292278137937733
41000 0.2317506799856905
42000 0.2337839783400205
43000 0.22864081344925818
44000 0.2320673873005289
45000 0.22741561288374781
46000 0.2282136912650919
47000 0.22637969015064452
48000 0.22504022101670804
49000 0.2241114037295596
50000 0.22373432564158577
51000 0.22139285697035635
52000 0.22413727820278193
53000 0.2209644021237399
54000 0.2215849485957424
55000 0.2198863913292508
56000 0.2167352966694228
57000 0.21821409354221202
58000 0.21564250184278386
59000 0.2156153949038126
60000 0.21459044033823
61000 0.21765926930841928
62000 0.21156244120650475
63000 0.21643552023062296
64000 0.21208670812865968
65000 0.21317172949729368
66000 0.212618923292085
67000 0.20880778027056607
68000 0.2109526360165189
69000 0.2076562450778367
70000 0.2110678571925572
71000 0.21068075820960974
72000 0.20817953550708285
73000 0.2055203678434978
74000 0.20890434816358053
75000 0.20455679762173215
76000 0.2071293423165281
77000 0.2045059990531148
78000 0.20392030942658765
79000 0.20260298626652223
80000 0.19977276652813608
81000 0.20396050522323064
82000 0.20283468116937628
83000 0.1997835406189109
84000 0.19858169263443043
85000 0.19989818742197862
86000 0.20126857292787495
87000 0.19711388372972813
88000 0.194462575262539
89000 0.19550634667074288
90000 0.19387398491078656
91000 0.192465959155886
92000 0.19487070063976478
93000 0.196049375257069
94000 0.19509426221593695
95000 0.1916131207240199
96000 0.19361334323188217
97000 0.19533716725704894
98000 0.1979068329423362
