0 0.2781027474832347
1000 0.27790267506408517
2000 0.2743517123999595
3000 0.276314601956441
4000 0.27297497869754145
5000 0.2715183860057388
6000 0.2742483983399331
7000 0.27018875156789474
8000 0.2680446775269098
9000 0.26406430056739383
10000 0.2606118687385206
11000 0.2646331961204336
12000 0.2594657129020809
13000 0.25619739606794295
14000 0.25628153495566214
15000 0.2555048175759341
16000 0.2550649840371067
17000 0.2566000355417844
18000 0.2552061461762256
19000 0.24989417571903474
20000 0.25176788335648936
21000 0.2498517885990239
22000 0.24812929916141516
23000 0.25071459094303117
24000 0.2471929169458801
25000 0.23999915349529444
26000 0.24558656952813518
27000 0.23881469675756187
28000 0.24444738236598204
29000 0.2425816759652174
30000 0.24035527954250024
31000 0.23722240754448923
32000 0.23547440291228056
33000 0.23689650355508163
34000 0.23682626744965177
35000 0.2360347227793679
36000 0.23932578896720308
37000 0.23465130961153263
38000 0.2361913993295852
39000 0.2366990031443185
40000 0.23056617536769652
41000 0.23216910692689574
42000 0.23853407099378848
43000 0.2313809805666619
44000 0.23393292907934696
45000 0.22675282968360538
46000 0.22799276869598223
47000 0.23140481122286968
48000 0.22775544251929758
49000 0.23044716453496658
50000 0.2302540981684231
51000 0.22678583028986257
52000 0.2242077661937184
53000 0.223138466178737
54000 0.2269769227357991
55000 0.2224552632224289
56000 0.22290243819639477
57000 0.2252063299808632
58000 0.2226141713360827
59000 0.2237703396835033
60000 0.22123990141062888
61000 0.2262410687127533
62000 0.22079423983212287
63000 0.21969663998741004
64000 0.21545912195875475
65000 0.21529142648399374
66000 0.2196561694841097
67000 0.2183130789706854
68000 0.21887439829694594
69000 0.21648125884659206
70000 0.2170959737493401
71000 0.21576107603518174
72000 0.21342127348551646
73000 0.21029947827975803
74000 0.21473163080773552
75000 0.21540220039257302
76000 0.21103038390311787
77000 0.21697298479721458
78000 0.21318380815555266
79000 0.2136814391128446
80000 0.21013447366895616
81000 0.21105337130813137
82000 0.21476643292339082
83000 0.21143781850329627
84000 0.2114934674929222
85000 0.20919728263168252
86000 0.214507763915642
87000 0.2128977627665379
88000 0.21010042309786958
89000 0.21327855653882208
90000 0.2074964276367636
91000 0.2107510454301993
92000 0.2094128125457404
93000 0.20910140140704597
94000 0.20566670664142708
95000 0.20640768805969129
96000 0.20725934679409153
97000 0.2082431052700463
98000 0.20977918177979807
