0 0.33174935053508814
1000 0.32622068440629964
2000 0.32679240298158246
3000 0.3256934710841774
4000 0.32531345804401196
5000 0.3255332173093622
6000 0.32558424477484843
7000 0.32676971580579917
8000 0.32184005587785974
9000 0.32192537882468797
10000 0.3181147567998169
11000 0.31802402101621163
12000 0.3206180724162643
13000 0.31961746898418264
14000 0.3177820752320142
15000 0.320325400469206
16000 0.3182045323493947
17000 0.31840678148510265
18000 0.31575860935669364
19000 0.31530761300545096
20000 0.31359696860557607
21000 0.3148688506039863
22000 0.3125089196552895
23000 0.3176861239068391
24000 0.3136675678908618
25000 0.307129915973713
26000 0.3106069137389357
27000 0.3111788700669923
28000 0.31268105682472497
29000 0.312417691485171
30000 0.3107454471838671
31000 0.30861203395047865
32000 0.31479345954811844
33000 0.3140399074004774
34000 0.30938741260004327
35000 0.30790322992451524
36000 0.3048030902032014
37000 0.30525138700399584
38000 0.30680186620408667
39000 0.30541031920577105
40000 0.30713698871442924
41000 0.3044029089418905
42000 0.30722863604065476
43000 0.30307882876848974
44000 0.3025035493794756
45000 0.3037099809457423
46000 0.3028380520207465
47000 0.2999204138449165
48000 0.2972362663865775
49000 0.3001339764227909
50000 0.29875460719033703
51000 0.30113016485275795
52000 0.29756290358438764
53000 0.3004878739413325
54000 0.296700627401274
55000 0.29158010816788243
56000 0.2961053219082265
57000 0.2940223571098155
58000 0.29640159867082966
59000 0.29676751590258865
60000 0.2947175105172338
61000 0.29260139695173754
62000 0.2938119359794991
63000 0.29362450957511294
64000 0.29412256656815106
65000 0.29296057494122646
66000 0.2967088044054716
67000 0.29298444460666934
68000 0.28951657119815405
69000 0.2915633887435361
70000 0.2900696389782544
71000 0.2933140029143519
72000 0.28994331339743157
73000 0.2902431693255137
74000 0.29192233386582944
75000 0.29082059999580934
76000 0.28955614737662644
77000 0.2881198353621184
78000 0.28390606380570504
79000 0.2868484812288707
80000 0.2894496315634275
81000 0.2851696850160454
82000 0.28421669124864746
83000 0.2841506112384733
84000 0.2878703798675828
85000 0.279469672922007
86000 0.2834628827098349
87000 0.28564271429107474
88000 0.28603728374730375
89000 0.28402811436861486
90000 0.28378783571484806
91000 0.278990297321189
92000 0.2832077665482553
93000 0.2818818919560281
94000 0.28179731149586845
95000 0.2816925161439595
96000 0.27936048003014363
97000 0.27366416437801183
98000 0.27653800359580105
