0 0.2874960184472098
1000 0.28106459001158834
2000 0.27737183485094663
3000 0.2811213025366944
4000 0.27298553472181925
5000 0.2741131308632634
6000 0.26996279831578557
7000 0.2703750234777121
8000 0.26869524030144487
9000 0.26443627717564977
10000 0.2646354298123605
11000 0.2624206141881251
12000 0.2627051531704675
13000 0.2590702482486429
14000 0.26329354745444195
15000 0.26112026652671916
16000 0.25852576949391187
17000 0.2550135141839585
18000 0.2564892630935728
19000 0.25560668959687927
20000 0.2528886177994077
21000 0.2499781319703253
22000 0.2519606852172359
23000 0.2484850676556667
24000 0.2493519715201539
25000 0.2493075920691967
26000 0.2470299475434795
27000 0.2448795536093556
28000 0.24527534212437604
29000 0.23975436476773704
30000 0.2409111103834893
31000 0.2387988591895623
32000 0.2371157457819538
33000 0.23577026430839015
34000 0.23212970759637674
35000 0.23605742987668565
36000 0.23646043980769182
37000 0.2333931778654589
38000 0.2328126523423536
39000 0.23299611927237784
40000 0.23494244966407
41000 0.22930776319040297
42000 0.2267899068543803
43000 0.22607350840595314
44000 0.2257387506175808
45000 0.2270559376954328
46000 0.2239304894873008
47000 0.2239260131304097
48000 0.2241180085594823
49000 0.22389156864891113
50000 0.2226589484463375
51000 0.2232003450973671
52000 0.21971567012717738
53000 0.22065276343681867
54000 0.2182632528970775
55000 0.21459951570888794
56000 0.21402553374429345
57000 0.2184572574274517
58000 0.2175964088259342
59000 0.21344880738488647
60000 0.21325653848541887
61000 0.2139993376038739
62000 0.21401555310839257
63000 0.21274131694310167
64000 0.21215700255707332
65000 0.2127969122146766
66000 0.2104768643381825
67000 0.20822657087999819
68000 0.21183357027358476
69000 0.20601335094579595
70000 0.20867208796488698
71000 0.20742342097752778
72000 0.20744430008691822
73000 0.20785689029589086
74000 0.2064303205055002
75000 0.2017376134203278
76000 0.20014940535135708
77000 0.2057451752461638
78000 0.20314334338898782
79000 0.203268219394082
80000 0.20256899483283963
81000 0.20040858276981802
82000 0.201315484357389
83000 0.19870683251163054
84000 0.20154754777376327
85000 0.19750271895022528
86000 0.19790074802958896
87000 0.20109390593621904
88000 0.198013690473026
89000 0.1990155982638475
90000 0.19617735263506997
91000 0.19688161043810368
92000 0.19466394460553837
93000 0.1923723510923684
94000 0.19209863783215314
95000 0.19004192782045892
96000 0.19652992262358904
97000 0.19188072827385155
98000 0.19246599332540565
