0 0.3356201461888345
1000 0.3291919584073946
2000 0.3260926745846129
3000 0.3234039584942691
4000 0.3284195523818573
5000 0.3293363189437259
6000 0.3231795730369596
7000 0.3177629090738798
8000 0.32037570893978673
9000 0.3203689085133547
10000 0.32408013075467834
11000 0.3231821686874375
12000 0.3227186912534304
13000 0.3181605806188892
14000 0.3206786752773204
15000 0.32131144393199096
16000 0.31823693021813176
17000 0.32053256135875363
18000 0.3169737570010003
19000 0.31480257635371495
20000 0.31634121000120435
21000 0.31602908551133724
22000 0.3174687574569526
23000 0.3111973882221136
24000 0.31298787512728227
25000 0.3095029093922873
26000 0.31044175886245484
27000 0.3093499815414305
28000 0.30936128427635756
29000 0.3075608645339792
30000 0.3101028756544986
31000 0.3097675922636026
32000 0.3090788532955013
33000 0.30501778490775794
34000 0.30703080348965495
35000 0.3061029905564021
36000 0.30606786022134214
37000 0.3024976542221535
38000 0.30587144410696426
39000 0.30148494351234384
40000 0.30072741102420925
41000 0.30118254486928514
42000 0.2980691164034883
43000 0.3033088292475837
44000 0.3005713570334883
45000 0.3006301115761451
46000 0.3016394944749359
47000 0.2967171838902668
48000 0.2949000524113575
49000 0.2945871472230811
50000 0.29607151455770964
51000 0.30019620279261144
52000 0.2991781833354479
53000 0.2950219456905911
54000 0.3004072790939676
55000 0.29785258687620386
56000 0.29462166077810575
57000 0.2959063206855167
58000 0.2914742686337937
59000 0.29291881770675865
60000 0.2896775164585867
61000 0.28822071745866984
62000 0.29000715403090577
63000 0.29150296228635475
64000 0.28875641227288573
65000 0.2898864303406409
66000 0.2909329214460152
67000 0.28885642084765056
68000 0.29009773609829326
69000 0.28738679295775416
70000 0.284229329872865
71000 0.2853426862858839
72000 0.2856673669792857
73000 0.28189282391042286
74000 0.2827284199621661
75000 0.28613192252685066
76000 0.28931419574824047
77000 0.28028865892868887
78000 0.2827250680987474
79000 0.284194429610642
80000 0.28176595060215986
81000 0.2805583504776243
82000 0.2791547915255241
83000 0.2794061983274343
84000 0.28044416531200667
85000 0.28334687313863055
86000 0.2807999643013239
87000 0.27785727801461996
88000 0.2777455521495102
89000 0.28031091670456926
90000 0.28267508061304303
91000 0.2775108081170328
92000 0.28051992715275686
93000 0.2799334357928608
94000 0.27657475935492465
95000 0.2772912176354612
96000 0.2815168179427142
97000 0.2757215495645542
98000 0.27751458134063756
