0 0.3068898916827407
1000 0.2538389844870722
2000 0.22222114497911719
3000 0.20406001201113347
4000 0.1876769363366195
5000 0.1762821479050095
6000 0.16535113275461716
7000 0.15894041888295318
8000 0.15247430326476982
9000 0.14525550862048242
10000 0.14123906192130656
11000 0.13781985044343575
12000 0.13402554557680285
13000 0.12964923584301594
14000 0.12913248438981761
15000 0.127157788022663
16000 0.12541393865142983
17000 0.1230591721890269
18000 0.12007511348801365
19000 0.11809876417867658
20000 0.11365248547537232
21000 0.1142789940909602
22000 0.11338456761822617
23000 0.11079749078661072
24000 0.11155060592188139
25000 0.10941770803835457
26000 0.10841818831333361
27000 0.106617562922776
28000 0.10488018661832607
29000 0.10652985737172119
30000 0.10687299937390042
31000 0.10411807157836789
32000 0.1028108591285737
33000 0.1019539301108209
34000 0.10070725128084831
35000 0.10221206104548193
36000 0.10143163076405472
37000 0.100213821294676
38000 0.09810034861991643
39000 0.09935347737333622
40000 0.099286459286232
41000 0.09871673861911226
42000 0.09775131084093969
43000 0.10001322756606167
44000 0.09756978984898651
45000 0.09535795350916519
46000 0.09946783779077091
47000 0.09761964605432358
48000 0.09743505621018383
49000 0.0944492114003626
50000 0.09815065807074155
51000 0.09601345002463191
52000 0.09552175551875837
53000 0.09518472839736267
54000 0.0947374306272791
55000 0.09383343678842099
56000 0.09302030804510986
57000 0.09214916546030448
58000 0.09284724358639732
59000 0.09328609078354294
60000 0.0900213014618574
61000 0.0928608495549474
62000 0.09361392097257083
63000 0.08929629114456646
64000 0.09212869248999755
65000 0.09283624805567874
66000 0.0911814641681142
67000 0.09083276727153505
68000 0.09261557719380091
69000 0.08990206294463526
70000 0.09119276452656074
71000 0.0899019150261013
72000 0.09338309630694944
73000 0.0910487837038423
74000 0.09050678450915269
75000 0.08908402349981452
76000 0.08999097176325757
77000 0.08814263515775803
78000 0.0879262000953652
79000 0.08900585065988417
80000 0.08976808182235989
81000 0.09139106123740123
82000 0.08994931645234484
83000 0.09042490805094391
84000 0.0897998971843501
85000 0.08914101572507853
86000 0.08722360520551996
87000 0.08753344718143687
88000 0.08684544609396122
89000 0.08748619801283963
90000 0.08705000061480711
91000 0.0865075669668572
92000 0.08759653435722332
93000 0.08570506958009134
94000 0.08614454707568217
95000 0.08795107380231469
96000 0.08594446548941778
97000 0.0871989281354942
98000 0.08748739171225736
