0 0.35011672910342884
1000 0.34424974896720867
2000 0.34616497603375634
3000 0.3385641208687382
4000 0.3386390338598776
5000 0.33996801664558374
6000 0.337575519795698
7000 0.33675760508892777
8000 0.3384574111940832
9000 0.3384229462931638
10000 0.33538002636703235
11000 0.3301924052226633
12000 0.33321389467406876
13000 0.3280812300673494
14000 0.33176985951537974
15000 0.33241177752847584
16000 0.3299862369774379
17000 0.33279622115198004
18000 0.33309950731815896
19000 0.3311703530854298
20000 0.3321371108655277
21000 0.3235975387250336
22000 0.32707549026370797
23000 0.3278523057858155
24000 0.3281801276973376
25000 0.3232168751431771
26000 0.32776304279015156
27000 0.32983138988874566
28000 0.3230730604932013
29000 0.3248116213782395
30000 0.32329816525392796
31000 0.3217330693552219
32000 0.3267202784767717
33000 0.32544692283282595
34000 0.32491412819600995
35000 0.3222757953916105
36000 0.32602992189482566
37000 0.3173071577258867
38000 0.3227626640314171
39000 0.3176336157555212
40000 0.3180970129475358
41000 0.31978104369746413
42000 0.3186328740589093
43000 0.3142694851977459
44000 0.32088623117768855
45000 0.3146502770155192
46000 0.31719610946177296
47000 0.3211482048301596
48000 0.31768194634611185
49000 0.31233373420966026
50000 0.3162685270050768
51000 0.31983013732341
52000 0.31801283460228114
53000 0.31714028475439937
54000 0.311989784211088
55000 0.3165442096437196
56000 0.316070754176422
57000 0.31351350908704634
58000 0.3142511694468822
59000 0.31175048510532366
60000 0.31387213091103666
61000 0.31384718433875597
62000 0.30547013007211127
63000 0.3151486522516737
64000 0.30877147516704173
65000 0.3149543730739693
66000 0.3105340978440625
67000 0.31110849761035003
68000 0.30679940811047
69000 0.31307219502932737
70000 0.3143863954328592
71000 0.3102895328503974
72000 0.31124618523448855
73000 0.3080146090158841
74000 0.3098562826226886
75000 0.30785612193487527
76000 0.31131229718517783
77000 0.30863214793843835
78000 0.308205220987948
79000 0.3021689706936239
80000 0.30821423579569485
81000 0.31003060131919463
82000 0.312124073243863
83000 0.308607341432913
84000 0.308533512231827
85000 0.30640068793472003
86000 0.3052933039565227
87000 0.30588670499228043
88000 0.3079905956463394
89000 0.30650831265865286
90000 0.30379103478901576
91000 0.30827724522909533
92000 0.30608222238581756
93000 0.30722589325004174
94000 0.30367359827356477
95000 0.30341708054963623
96000 0.30327612402039866
97000 0.30534453287644253
98000 0.3034514977709815
