0 0.31350809212365105
1000 0.29461682474139794
2000 0.2730677983737888
3000 0.26447792647737545
4000 0.2536306990237848
5000 0.24210926042084108
6000 0.2344192478576005
7000 0.23058726084062633
8000 0.2194257190280272
9000 0.2130815088758138
10000 0.21213524977772594
11000 0.20355494821224826
12000 0.19858680966650988
13000 0.19424130902691744
14000 0.18839041819863486
15000 0.18628460048255135
16000 0.18581230009921917
17000 0.17608491881031774
18000 0.17746492695825516
19000 0.1696593849181099
20000 0.17155015389878514
21000 0.16979155994634362
22000 0.16905269916120752
23000 0.16553482941273878
24000 0.16085124866685163
25000 0.1583250200579113
26000 0.15811798964311932
27000 0.1547869502971682
28000 0.1531623064808293
29000 0.1543397173839998
30000 0.14875331723588875
31000 0.14577132560364442
32000 0.14376816867834114
33000 0.14339752480832918
34000 0.14361317411114055
35000 0.1426440228033252
36000 0.1393591229788886
37000 0.13986089252928258
38000 0.13562349558118592
39000 0.13745355863275338
40000 0.13393919724291808
41000 0.13354346440363216
42000 0.1340126523586588
43000 0.13164638700552167
44000 0.13189106468483905
45000 0.1299344487843842
46000 0.12860756158536402
47000 0.12966755182846185
48000 0.12665674415690056
49000 0.12636965315127446
50000 0.12855469527492727
51000 0.126204298068188
52000 0.12288794776830132
53000 0.12336033928322708
54000 0.11977911081232731
55000 0.12407072199944658
56000 0.12210020735896877
57000 0.12104356887117737
58000 0.11573656248136092
59000 0.1179867825670903
60000 0.1213247631899487
61000 0.11665961036850991
62000 0.11823889025832317
63000 0.11835981770044661
64000 0.11654400780517793
65000 0.11583445683514722
66000 0.11663311508203954
67000 0.11496738952552604
68000 0.11532525508293918
69000 0.11549194741312033
70000 0.1143674963693473
71000 0.11282893995558967
72000 0.11297488145991035
73000 0.1105343394627355
74000 0.11163343470958592
75000 0.11098527421916903
76000 0.11284865089240131
77000 0.11187169770038549
78000 0.11093357955889463
79000 0.11116148480828505
80000 0.1110805543849661
81000 0.11025160000705231
82000 0.10746038710058393
83000 0.10727222081880201
84000 0.10845073786190727
85000 0.10520237908811177
86000 0.10708549120747439
87000 0.108006299618038
88000 0.10718346217188204
89000 0.10644754389516997
90000 0.10685605663530531
91000 0.10635725133957616
92000 0.10336550754919421
93000 0.10663447677356971
94000 0.10500710457697764
95000 0.10470621850703722
96000 0.10550048774490225
97000 0.10523162118582566
98000 0.10278344672948289
