0 0.18701318816924292
1000 0.12004340418707088
2000 0.09770509887006534
3000 0.087414289500324
4000 0.08196367320214622
5000 0.07733810671718189
6000 0.07453806887957867
7000 0.07238503585779445
8000 0.0694388691101233
9000 0.06841808835353437
10000 0.06702912919146041
11000 0.06561446229001122
12000 0.06487984855930286
13000 0.06444914992233976
14000 0.06248364074032744
15000 0.0626662494755638
16000 0.06154019621425382
17000 0.06211601959096373
18000 0.06109640702042089
19000 0.06109295715596438
20000 0.05990983905705052
21000 0.05990518447764063
22000 0.060615916833958935
23000 0.05835120926238084
24000 0.05886753285174508
25000 0.059724241196459256
26000 0.0586044467121023
27000 0.05914514334379282
28000 0.058770755840949186
29000 0.05839751250041739
30000 0.05876221717167454
31000 0.05725543297277067
32000 0.05715755246097814
33000 0.05685126708178768
34000 0.05782848241578413
35000 0.05719741436518344
36000 0.05781681386221777
37000 0.057983584522420056
38000 0.0568563617564615
39000 0.05577875218497527
40000 0.0574294665034255
41000 0.05664529309803012
42000 0.05700653846690454
43000 0.05624275042906886
44000 0.05542653050443458
45000 0.05686501683143748
46000 0.05586378784320406
47000 0.05618354134521983
48000 0.055644582016510326
49000 0.05497725599331056
50000 0.05604560891491931
51000 0.056400797654009155
52000 0.056198081586868336
53000 0.055866218135713124
54000 0.05478058732840479
55000 0.054723007894856596
56000 0.055177936951292104
57000 0.05555685106891525
58000 0.05645660910708438
59000 0.05507490995825593
60000 0.05476870593877692
61000 0.05487096549972585
62000 0.05512016904339027
63000 0.05393971316926799
64000 0.05334795109484117
65000 0.05453214198372478
66000 0.05544171412652941
67000 0.05549913231686267
68000 0.055477093138302846
69000 0.05486670320073379
70000 0.055470534784003114
71000 0.05496952607774859
72000 0.055825595321254376
73000 0.05503687971206432
74000 0.05558752754283408
75000 0.05423058194622724
76000 0.0547873908098181
77000 0.053773599278101034
78000 0.05599819988946504
79000 0.054021074161439836
80000 0.05399124989403426
81000 0.0536510197418583
82000 0.05505008530539067
83000 0.05464717139990425
84000 0.05360318977732681
85000 0.05484074377584598
86000 0.054487960476136764
87000 0.05439963072440337
88000 0.05371019118143112
89000 0.05444852080347011
90000 0.054277875684066924
91000 0.05576603831903066
92000 0.05495143553935575
93000 0.0536474329675645
94000 0.05576385203916738
95000 0.054164163100167195
96000 0.05404357227498647
97000 0.054578316915040316
98000 0.05452383484098932
