0 0.2872673569682965
1000 0.27945171629262633
2000 0.2798176020512618
3000 0.2757485207665129
4000 0.27638190046851213
5000 0.27787316665390627
6000 0.2739962734349595
7000 0.2706180810494262
8000 0.26970097800764115
9000 0.2678345841487229
10000 0.26474556482692074
11000 0.26371400469483997
12000 0.2673065050453464
13000 0.2615070590993536
14000 0.2585427489905552
15000 0.26684778171502765
16000 0.26070219477969425
17000 0.2610704321016642
18000 0.25563544366708
19000 0.25437882344341384
20000 0.25562953228715135
21000 0.24909091297756147
22000 0.25506050736442804
23000 0.2542168468094068
24000 0.2511097631088916
25000 0.2486709706935074
26000 0.2470770010676034
27000 0.24856262516228708
28000 0.24680399561494312
29000 0.2470989601879529
30000 0.24407133742069761
31000 0.24351208610997102
32000 0.23861737190985077
33000 0.23866986628539555
34000 0.23625199976259156
35000 0.24074276462232078
36000 0.24004147078675322
37000 0.23874462433727497
38000 0.23623142594670607
39000 0.2374327345016896
40000 0.231920384293655
41000 0.23243600749094614
42000 0.23564065164011588
43000 0.23414701232474414
44000 0.23057954353530158
45000 0.23281362675402992
46000 0.23010999896977136
47000 0.22818800954939727
48000 0.22935983704643909
49000 0.22508958739073762
50000 0.2267079513436612
51000 0.22425103235572127
52000 0.22478017825344565
53000 0.22265898094102507
54000 0.22457033895528256
55000 0.22167858054472053
56000 0.22153175113673254
57000 0.22012539382386825
58000 0.2191882919401947
59000 0.2180644566721854
60000 0.2174294282375607
61000 0.21955479249753565
62000 0.21958736889781394
63000 0.21488553731197424
64000 0.21540948038368085
65000 0.21370944775672868
66000 0.21481746279870328
67000 0.21404331687084935
68000 0.20942221615782367
69000 0.21162646164773297
70000 0.21106448058081695
71000 0.21290208720337123
72000 0.20713011589103264
73000 0.21104716919265157
74000 0.20648956754444536
75000 0.20956868462507866
76000 0.208581749249748
77000 0.2088963836955318
78000 0.20770674242861728
79000 0.20313161484334297
80000 0.20432313472918934
81000 0.20661638273494656
82000 0.205523091300544
83000 0.20272216795616294
84000 0.19919088558732484
85000 0.20305691999315478
86000 0.20164672867937025
87000 0.20045867435417414
88000 0.2016816654142421
89000 0.2027335093464802
90000 0.1979539835967875
91000 0.1970590522504072
92000 0.19610074573256178
93000 0.19691208063975935
94000 0.194856324378489
95000 0.19921780488128327
96000 0.19737237925695222
97000 0.19203076927652668
98000 0.19570171705003397
