0 0.29650644884805466
1000 0.29729859440652034
2000 0.2933156652592992
3000 0.2873899313197646
4000 0.28853415995022663
5000 0.28774626580542095
6000 0.28825069202896897
7000 0.28438202730781453
8000 0.2830788621131981
9000 0.2831320431294578
10000 0.282189967237973
11000 0.28178946949516054
12000 0.27855943685681794
13000 0.2848579377941149
14000 0.2846975017379218
15000 0.27553379995467175
16000 0.28059332314767493
17000 0.2806753848937056
18000 0.2748880700390439
19000 0.2766399621458317
20000 0.2724239823978288
21000 0.272074255936888
22000 0.274677759466642
23000 0.2717375908809969
24000 0.27164030124485755
25000 0.27176543557231103
26000 0.2691166861803377
27000 0.2684864226746973
28000 0.27037394029790823
29000 0.2668204875455503
30000 0.26645251759812283
31000 0.26283225799524546
32000 0.26666440056313845
33000 0.2639268888763443
34000 0.25976349620451883
35000 0.26034546647355067
36000 0.2591702095288569
37000 0.2626038922674762
38000 0.2557650725623434
39000 0.2585773931383808
40000 0.25646611915960965
41000 0.2565860718374967
42000 0.2560803610627323
43000 0.25473500403748134
44000 0.25912619796688774
45000 0.25358335632216894
46000 0.25609463917953806
47000 0.25325853363796624
48000 0.2533142505105918
49000 0.25070435088619714
50000 0.25352086190692785
51000 0.24896934452815728
52000 0.24545108755812664
53000 0.2468294123491033
54000 0.2520438490303004
55000 0.2478097498170815
56000 0.24389615945054072
57000 0.24289717224324686
58000 0.24440090416503274
59000 0.24851528138742082
60000 0.24833117691152518
61000 0.24636610519846733
62000 0.2423578953668485
63000 0.24625422091467994
64000 0.24179592005579326
65000 0.24028484960254956
66000 0.2398102778570395
67000 0.23914290098081561
68000 0.2409931732630727
69000 0.2355196598193017
70000 0.23882216936601947
71000 0.2374146082890019
72000 0.233290755138232
73000 0.23743633003208395
74000 0.23713971331060635
75000 0.2320522750687821
76000 0.2352189489551354
77000 0.2362774460858553
78000 0.23059087232758624
79000 0.232658742239494
80000 0.23301964010408974
81000 0.2316697227386977
82000 0.23313535805939614
83000 0.2337642724732434
84000 0.23250727678575703
85000 0.2317757443971319
86000 0.23088056816828967
87000 0.22937000199465998
88000 0.2258111306877789
89000 0.22382496863628026
90000 0.22620912789851533
91000 0.22584092103604736
92000 0.22333580851795834
93000 0.2240373353054304
94000 0.22383795448919333
95000 0.22339574042399193
96000 0.22374016351691606
97000 0.2247549391951278
98000 0.22014104016462802
