0 0.2825662273227112
1000 0.27192814723770276
2000 0.26956161119662453
3000 0.26693004588944863
4000 0.26728075796707657
5000 0.26836127425274053
6000 0.2650659347002491
7000 0.26198687354047206
8000 0.26383135458737367
9000 0.2632888430357683
10000 0.2617347113336249
11000 0.26193870721050594
12000 0.2584799656768499
13000 0.26590052186942176
14000 0.2601784947062751
15000 0.2584398912417552
16000 0.25954324313019134
17000 0.2576285189960713
18000 0.2569729707073051
19000 0.2615130708963822
20000 0.25947064402139924
21000 0.2583671156924044
22000 0.2617973664276998
23000 0.26014693710765885
24000 0.259485663533979
25000 0.2585786384244735
26000 0.253754897834089
27000 0.2573446554882036
28000 0.26218863685522487
29000 0.2576952663859337
30000 0.26612769092049676
31000 0.25944393623109674
32000 0.25860874776536985
33000 0.259462546207234
34000 0.2538084820444971
35000 0.25989741856984455
36000 0.2566715895185165
37000 0.25791789802553144
38000 0.2617786212838781
39000 0.26266850475658315
40000 0.25912441619889487
41000 0.26215863135639383
42000 0.25806534968796535
43000 0.2612110143610639
44000 0.2588125478297832
45000 0.25978935227443495
46000 0.2636519505636405
47000 0.26169084366553125
48000 0.2619529770019986
49000 0.2619319688068965
50000 0.2626551970338778
51000 0.2576163199773389
52000 0.2658426762777146
53000 0.26379588627975503
54000 0.2592026793424966
55000 0.2622412200339513
56000 0.25729587169802626
57000 0.26249835151356427
58000 0.25632074356356666
59000 0.26086748762566747
60000 0.26058376376830866
61000 0.2608670050433458
62000 0.26213001963624305
63000 0.25737566988690364
64000 0.26030286822714754
65000 0.2603931552995562
66000 0.26401361625273506
67000 0.2611590789466302
68000 0.25982752253681396
69000 0.25951322856512377
70000 0.26228908731792144
71000 0.26180172577569794
72000 0.2552500415218961
73000 0.26032566802619506
74000 0.26267674457420814
75000 0.2604065807532281
76000 0.26023721895836727
77000 0.2594378287186062
78000 0.2557196289669606
79000 0.26136786674877216
80000 0.2599213739464613
81000 0.2606793831194734
82000 0.2610305924949757
83000 0.26134036747964046
84000 0.2591364715082375
85000 0.25951225891677054
86000 0.2588745980717222
87000 0.256720298829575
88000 0.2606914162704804
89000 0.26030200348030114
90000 0.25853836580933687
91000 0.2583598447579847
92000 0.2632274172793043
93000 0.25959244624237543
94000 0.25763344345046546
95000 0.2615991760522999
96000 0.2598506880778566
97000 0.26039380908791204
98000 0.2609075393204671
