0 0.2741542807938625
1000 0.27041712805699014
2000 0.2676906039859903
3000 0.26636536867146565
4000 0.2646859616018147
5000 0.2558727653465609
6000 0.2568097386128153
7000 0.2553882868740093
8000 0.25150850275241615
9000 0.25782301572525973
10000 0.2520644779491781
11000 0.25199842104728826
12000 0.24538748388831977
13000 0.24522161563574482
14000 0.2481835461503906
15000 0.24644990984283588
16000 0.24549870113662312
17000 0.24610396669089593
18000 0.24496326489467202
19000 0.24098939255790608
20000 0.23822799746063994
21000 0.24127277032360472
22000 0.23644803424148364
23000 0.23838740648988363
24000 0.23428959591753543
25000 0.23657161111430075
26000 0.23762622784773949
27000 0.23727816718802427
28000 0.23854904348327982
29000 0.23376749320698276
30000 0.23474381391033025
31000 0.23102400120026131
32000 0.23321131324380207
33000 0.23745852503240286
34000 0.23098284766406724
35000 0.2326705342351792
36000 0.23534740932497222
37000 0.23458005989078587
38000 0.23454786819641943
39000 0.23218645575072017
40000 0.23141699548827765
41000 0.235162808419566
42000 0.23130658847590302
43000 0.2335361831945564
44000 0.23127520064770768
45000 0.23228635956123178
46000 0.23464088685197682
47000 0.23281107100272055
48000 0.22460313855663053
49000 0.2313762620421962
50000 0.2327827912393438
51000 0.22805314848046515
52000 0.2310351536346502
53000 0.2301932943408621
54000 0.23096580927665358
55000 0.23101585028950442
56000 0.23093237767912547
57000 0.22866689303465676
58000 0.2302534106049826
59000 0.22712050226807284
60000 0.23007694895009131
61000 0.23129325030546494
62000 0.22727638422205665
63000 0.22674009116168958
64000 0.22893534579159994
65000 0.22775664162117135
66000 0.231856493263162
67000 0.22750136952776423
68000 0.22895632476391603
69000 0.22391861243416156
70000 0.2236725451178412
71000 0.2286875226257088
72000 0.22479697029708817
73000 0.2271502564717906
74000 0.2227966188561819
75000 0.22421976245976652
76000 0.22461075804911065
77000 0.22688023439044117
78000 0.2242031473659791
79000 0.22844424660859397
80000 0.23103877181995588
81000 0.22615991260745882
82000 0.22661814000502228
83000 0.22358343128991348
84000 0.22517814508695203
85000 0.2252894457685556
86000 0.22204302187052435
87000 0.22460678290703015
88000 0.2276966205923483
89000 0.2251911069449426
90000 0.22301518515304697
91000 0.22648863957336726
92000 0.2258846059127649
93000 0.22577417770158584
94000 0.22453504477681085
95000 0.22720378819474937
96000 0.22528604280778994
97000 0.22232423769893722
98000 0.22480083222367472
