0 0.2910840484597151
1000 0.2754461012042318
2000 0.26204346621322566
3000 0.2509256601043812
4000 0.24169631070679706
5000 0.23551880020132948
6000 0.22892739809961943
7000 0.21591874215642787
8000 0.2111978293679898
9000 0.20491630370322134
10000 0.201152856798542
11000 0.19527099018532593
12000 0.19202686818388304
13000 0.18674040036211628
14000 0.18478688667576854
15000 0.1805133354634853
16000 0.17761818555062503
17000 0.17279276214654612
18000 0.17030218908647107
19000 0.16599938733607075
20000 0.16479670984569902
21000 0.16037151669906521
22000 0.15852326029540348
23000 0.15707083714861425
24000 0.15619977041140667
25000 0.1546421037906312
26000 0.15062185578208756
27000 0.1504691529782854
28000 0.14738410631462023
29000 0.1450775578584066
30000 0.1436421331080596
31000 0.14307897079807996
32000 0.14094322878915
33000 0.13822334692293547
34000 0.13802809665784072
35000 0.1378778655586063
36000 0.135339013647341
37000 0.13317860163367767
38000 0.13430027230428374
39000 0.1296446624098229
40000 0.13070665358520356
41000 0.12703438446575507
42000 0.128803685457628
43000 0.1269117254172247
44000 0.12454624391027938
45000 0.12440414297485258
46000 0.12316972307654804
47000 0.12275214876608248
48000 0.12181410149411848
49000 0.12089231169169867
50000 0.11905295787590499
51000 0.12010030006172755
52000 0.11827934777471061
53000 0.11480727887436579
54000 0.11631718346221506
55000 0.11625999342674026
56000 0.11493473754250229
57000 0.1143876788550485
58000 0.11438273655931333
59000 0.11406464113434296
60000 0.11191608333551245
61000 0.10902430416011474
62000 0.11197282091400346
63000 0.11135019888530465
64000 0.11057506584267138
65000 0.10861697768790612
66000 0.10777946431715822
67000 0.10578961610239393
68000 0.10866115717372575
69000 0.10306716002981263
70000 0.10544199952856995
71000 0.1071075122117058
72000 0.10556037098273116
73000 0.1071170873521629
74000 0.10525984368896016
75000 0.10410876979368267
76000 0.10234743477599227
77000 0.10211307843598234
78000 0.10017856752121328
79000 0.10175575007044765
80000 0.10422318340872311
81000 0.10213023005669429
82000 0.09970267393550206
83000 0.1006883058249015
84000 0.0995063852208443
85000 0.09969690645239629
86000 0.10023877886312063
87000 0.10080919126736963
88000 0.10078855462154214
89000 0.10043436421142157
90000 0.09994335676791895
91000 0.09994792116074208
92000 0.09808380161760803
93000 0.09612815381539595
94000 0.09746756015864244
95000 0.09811678605307178
96000 0.09691301762010561
97000 0.0985826872922528
98000 0.09792211818999653
