0 0.23738519702979047
1000 0.17937731188354022
2000 0.15136329291240452
3000 0.13393226953901693
4000 0.12358036590460689
5000 0.11189396975019489
6000 0.10533266082234968
7000 0.10094820315195374
8000 0.09669219919911347
9000 0.09376221867797203
10000 0.09033588645994789
11000 0.08800982688384112
12000 0.08471769944577945
13000 0.08224588040446548
14000 0.08065237717709943
15000 0.08030072471664756
16000 0.07889547652989747
17000 0.07764715979664161
18000 0.07512687744165816
19000 0.07479864026904824
20000 0.07490559780679776
21000 0.07455470934395288
22000 0.07290093183783222
23000 0.0723422896070638
24000 0.07129989954062645
25000 0.06967280045187348
26000 0.06919950620633541
27000 0.0686582387826747
28000 0.06803915055232562
29000 0.06791275730597986
30000 0.069793768517713
31000 0.06695200885188522
32000 0.06661164936657048
33000 0.06716397029940653
34000 0.06621851962292284
35000 0.0672164418181381
36000 0.06616819672558204
37000 0.06660229366485
38000 0.06602870694351441
39000 0.06530272305629632
40000 0.06366991474743779
41000 0.06604977852422132
42000 0.06499498530184183
43000 0.066914283956136
44000 0.06401450396466947
45000 0.06553561865719297
46000 0.06436210154256142
47000 0.06312455532720121
48000 0.06133089326294235
49000 0.06400528744023246
50000 0.06170117518130782
51000 0.06469718304822104
52000 0.06261289794946692
53000 0.0633661540272694
54000 0.06265646465714661
55000 0.06205863213264661
56000 0.06283624800591393
57000 0.06275703825144617
58000 0.06147236708130169
59000 0.06138123649701387
60000 0.06181567189265266
61000 0.061357739843957086
62000 0.06031670823067199
63000 0.06066940444575061
64000 0.06070276681468914
65000 0.05989993764577837
66000 0.06119848878662197
67000 0.06007870547399264
68000 0.060183958322389625
69000 0.06131500028369295
70000 0.0606970970475982
71000 0.059831331084327415
72000 0.05881019325907503
73000 0.06090087478928614
74000 0.06008843831388794
75000 0.060325717850813865
76000 0.05949360291667456
77000 0.05939375802770317
78000 0.05913770310288346
79000 0.05959997381806706
80000 0.059861613617338987
81000 0.058527508663966374
82000 0.060360056611896355
83000 0.05893569938334808
84000 0.058136971183681496
85000 0.05835027326863065
86000 0.05912840614861288
87000 0.06119687363003543
88000 0.05947265167277048
89000 0.05821602408300044
90000 0.057651912829461784
91000 0.05827544378208151
92000 0.05773314092444992
93000 0.05842237730049213
94000 0.05734292192854656
95000 0.059562165818862534
96000 0.058930778164140205
97000 0.058881461878157765
98000 0.05731690647511284
