0 0.31479342024145307
1000 0.3153114595127419
2000 0.3072925663525494
3000 0.30592911120312416
4000 0.3053062588428719
5000 0.30384401085639234
6000 0.29873357552743135
7000 0.3015393197286485
8000 0.29794435257403756
9000 0.30122104627865676
10000 0.2918830681100422
11000 0.29446221869316547
12000 0.29432482890437894
13000 0.2912165235237899
14000 0.295362191816821
15000 0.2911026091890528
16000 0.2890917239407749
17000 0.2875966952199148
18000 0.2901544957190036
19000 0.2868427772344734
20000 0.2881359478864599
21000 0.2843856317304665
22000 0.2878557751795667
23000 0.28456959802582577
24000 0.2868645165525514
25000 0.28689844581772944
26000 0.28704568951808607
27000 0.2809591451565653
28000 0.28314738624564256
29000 0.28273566710019027
30000 0.2839200580795115
31000 0.2860817345882635
32000 0.28051594943912883
33000 0.2788947709350561
34000 0.2864554816076815
35000 0.2792418295355817
36000 0.28411732402107887
37000 0.28082951485094493
38000 0.28055056835857234
39000 0.28373196985293014
40000 0.282436246369891
41000 0.27711418783531244
42000 0.27817769734080605
43000 0.28254092620775145
44000 0.28149813914840577
45000 0.28100829895219964
46000 0.2793946703117074
47000 0.28174397997695083
48000 0.2798829198065247
49000 0.28065178587840367
50000 0.2780873308597937
51000 0.27810793810095885
52000 0.2783821874002296
53000 0.27804210382738487
54000 0.2756120847558524
55000 0.27697922783397727
56000 0.2755211821689837
57000 0.2784311011573852
58000 0.27515136419168285
59000 0.275137970752486
60000 0.27782752550088646
61000 0.2759128622857219
62000 0.27320323805271696
63000 0.27505191797240314
64000 0.2748846228781017
65000 0.2746758986804753
66000 0.27685418730263417
67000 0.27474647424583637
68000 0.2718284959208504
69000 0.27250275913062644
70000 0.2740989301050881
71000 0.2730978541472947
72000 0.27339086169101584
73000 0.2736322356818468
74000 0.27423164872758293
75000 0.2747007608115477
76000 0.273732085775575
77000 0.2701680667266707
78000 0.2752207963288049
79000 0.2717864247219509
80000 0.2668739110290186
81000 0.27387897142422324
82000 0.26860626610044686
83000 0.27323117916422573
84000 0.27115983599244176
85000 0.27060087403334143
86000 0.2711538644939845
87000 0.27076507879400663
88000 0.2738910161112463
89000 0.2707961943867001
90000 0.2666507755673354
91000 0.27438337830225
92000 0.2704036603385771
93000 0.272193584198996
94000 0.27169867614444626
95000 0.2686751847428338
96000 0.2687084471705991
97000 0.2683767869677741
98000 0.2687306956758532
