0 0.37620590991114566
1000 0.3736870176453286
2000 0.36553739646170563
3000 0.35832757837774354
4000 0.35744772485631315
5000 0.35277274551332816
6000 0.35088693177570357
7000 0.3504308563989194
8000 0.3465994921109856
9000 0.34623629360451075
10000 0.341587015022909
11000 0.3405895096298157
12000 0.339989070833686
13000 0.34086038799957225
14000 0.3382339040634308
15000 0.33768772176150175
16000 0.33133098286080015
17000 0.3297362249498601
18000 0.3291126370388098
19000 0.3309893199134515
20000 0.32810497638924274
21000 0.322442601146387
22000 0.3246333848000974
23000 0.32695147570282274
24000 0.3189271371055519
25000 0.3174378602020618
26000 0.31783610689966574
27000 0.3134855311889259
28000 0.31718742635234015
29000 0.3113967485372479
30000 0.31318413832258135
31000 0.30764234471499063
32000 0.30781511187977073
33000 0.30894462763696817
34000 0.3122036265561769
35000 0.3035293518967038
36000 0.30648639935976996
37000 0.3057410003506947
38000 0.3062581976968665
39000 0.30382423778470524
40000 0.3023798185941045
41000 0.3009587781462525
42000 0.3033702859719002
43000 0.2985768216329117
44000 0.29961802321533876
45000 0.2969135729110015
46000 0.29531001679158214
47000 0.2982953579496666
48000 0.2905184356962759
49000 0.2912480652791687
50000 0.29417526821434997
51000 0.29486998557308153
52000 0.28812193748383863
53000 0.28963099270046605
54000 0.28668088449014717
55000 0.2894305647228092
56000 0.2852692939727191
57000 0.2854370891284256
58000 0.2842345685609473
59000 0.2870138742535012
60000 0.2819764291384186
61000 0.280102287663342
62000 0.28026536463897744
63000 0.2823352069950378
64000 0.2820262311471715
65000 0.2812533172202924
66000 0.27972755177336156
67000 0.27793178319346906
68000 0.2829546294413905
69000 0.2783976875580258
70000 0.2768622602848933
71000 0.27416640735430187
72000 0.2718744215583541
73000 0.27730458901155236
74000 0.2772945931146068
75000 0.2755904340514938
76000 0.27375405510717404
77000 0.2713455699191731
78000 0.27852928528919757
79000 0.2708114681469811
80000 0.2734031136883205
81000 0.27500669820772555
82000 0.27085431382935476
83000 0.2703821087908728
84000 0.270260239493685
85000 0.2699900707133347
86000 0.2673724360517409
87000 0.26765096814650996
88000 0.26707340443472394
89000 0.2709092830273097
90000 0.26813989648541453
91000 0.26808629886391055
92000 0.26941853465561777
93000 0.2669906008761327
94000 0.2652572427659279
95000 0.2613516524124256
96000 0.26583327414616437
97000 0.26831259885738673
98000 0.26003009563878676
