0 0.2808614925633326
1000 0.27574900419078385
2000 0.2705649808885825
3000 0.26443348532167277
4000 0.26129721543516937
5000 0.2585237716057909
6000 0.25878114456754614
7000 0.25070953771551496
8000 0.24964160242605996
9000 0.24527374772785496
10000 0.24735986266732
11000 0.23868211808586767
12000 0.2357508396563806
13000 0.23317247729324983
14000 0.23074020539237594
15000 0.23199961211603098
16000 0.2269024083626141
17000 0.2253487037142467
18000 0.22315279657993087
19000 0.22018081014270027
20000 0.21941877986046546
21000 0.21896300425630355
22000 0.21446584122752038
23000 0.21828809308732972
24000 0.21393690697838774
25000 0.2085688639570964
26000 0.21036666807652188
27000 0.20780472656884122
28000 0.2059971986802812
29000 0.205816391509842
30000 0.1988958883823375
31000 0.20082313504508525
32000 0.19940952215726016
33000 0.20173197068138454
34000 0.19871212525404375
35000 0.19633402977114206
36000 0.19370246288571027
37000 0.19345948364732318
38000 0.19076968835600802
39000 0.19093062238391717
40000 0.1901447849670182
41000 0.1860905127489144
42000 0.18406917264772338
43000 0.18396313074426326
44000 0.18493419057158975
45000 0.18318694218652315
46000 0.18293241812381825
47000 0.17642979424091682
48000 0.1785906733136575
49000 0.17752149264749964
50000 0.1797942532728663
51000 0.17301983783806038
52000 0.1764301203056581
53000 0.1720307165018794
54000 0.17286050268759953
55000 0.17114083191683957
56000 0.16890017497612708
57000 0.17070221423540846
58000 0.1670317514841856
59000 0.1665075636130744
60000 0.16869909707893543
61000 0.16541906018314886
62000 0.16729002644491087
63000 0.16717981562037065
64000 0.16310004714485968
65000 0.16663502078110104
66000 0.1648636864074039
67000 0.1640724250518063
68000 0.16229539783237507
69000 0.16229962236511078
70000 0.1611718946796109
71000 0.16253080863128855
72000 0.1597327366463553
73000 0.158863263932175
74000 0.15698779374458713
75000 0.15785919680594962
76000 0.15593757922491508
77000 0.15550288540379809
78000 0.1530812700399366
79000 0.1560766318356853
80000 0.15723424538000275
81000 0.1532239915451304
82000 0.15368168006304403
83000 0.15241958924545207
84000 0.15296204326312768
85000 0.1497418339092616
86000 0.15011638645949957
87000 0.1496935428761142
88000 0.15293847176503328
89000 0.14879274152696903
90000 0.1488324712823329
91000 0.1476949009999079
92000 0.14786436497630023
93000 0.14570064211170844
94000 0.14544020770286065
95000 0.14459032847934458
96000 0.14832953819682732
97000 0.14603881183358186
98000 0.14498247347908413
