0 0.2675233530489009
1000 0.23685323356741703
2000 0.22024819838108367
3000 0.19711478756906986
4000 0.18397377967008732
5000 0.17279006709283246
6000 0.16180570366997496
7000 0.15333374787701207
8000 0.14769758517034037
9000 0.13868184649310375
10000 0.13424359658862442
11000 0.13148741192470584
12000 0.12845755635571668
13000 0.12289873269257744
14000 0.12163411822234854
15000 0.1171829049483279
16000 0.11642304932352611
17000 0.11391117524367671
18000 0.10966068548576834
19000 0.10709098355757131
20000 0.10471561235921152
21000 0.105752540914759
22000 0.10260568226021997
23000 0.10402306105246868
24000 0.09962643784713192
25000 0.09884674787128953
26000 0.09688363348337445
27000 0.09574042031099048
28000 0.09384806415592112
29000 0.09553646487860697
30000 0.09419561643605301
31000 0.09347122624370914
32000 0.09288782152251482
33000 0.09031243001101734
34000 0.08976641228062102
35000 0.09029720788415131
36000 0.08982651077352052
37000 0.08796331694841093
38000 0.08636494512858835
39000 0.08547302224485116
40000 0.08536580686706083
41000 0.08662202141423841
42000 0.08439532871536104
43000 0.08497116701815682
44000 0.0835286403383001
45000 0.08312000260803223
46000 0.08248313598908515
47000 0.0817761321080664
48000 0.08188401259209589
49000 0.08110578563804192
50000 0.0809631027435816
51000 0.07855363749023234
52000 0.07997811558218576
53000 0.07890131346978553
54000 0.07812071899121516
55000 0.07956053384145265
56000 0.07890861577872293
57000 0.07836708624805423
58000 0.07881773857638891
59000 0.07861745238267695
60000 0.07806202554355886
61000 0.07749135140660672
62000 0.07700041253772331
63000 0.07494994958567272
64000 0.07526452139190341
65000 0.07465204217720345
66000 0.07745544258211852
67000 0.0755479132416757
68000 0.07404125013069952
69000 0.0743064837538827
70000 0.07371774010402532
71000 0.07470901417946553
72000 0.0729064102059552
73000 0.07307110877111031
74000 0.07256993165345622
75000 0.07509722445819786
76000 0.07399654284397174
77000 0.07342366860393501
78000 0.07288510489357237
79000 0.07127686839320177
80000 0.0740091279696408
81000 0.07247180510967735
82000 0.07128133357093681
83000 0.07158493618578544
84000 0.0722899549095702
85000 0.07359128371925903
86000 0.07191590218132193
87000 0.07088921790322093
88000 0.07071703435672844
89000 0.07213192692361313
90000 0.07179641205144308
91000 0.07199284272478035
92000 0.07127802903299407
93000 0.07149435105898193
94000 0.07035290685537823
95000 0.07023970043162142
96000 0.06841830327974996
97000 0.06898737413519522
98000 0.06939008707144782
