0 0.2819888644931056
1000 0.26770962444271434
2000 0.25645977650702734
3000 0.24486687449210984
4000 0.2395585684182151
5000 0.22942108288558746
6000 0.22055313635020363
7000 0.21601361134485397
8000 0.20984912227861469
9000 0.20694496098680898
10000 0.20003277633190597
11000 0.196458456116059
12000 0.18746347744168898
13000 0.18617031898799324
14000 0.18308492017129616
15000 0.18195745187738332
16000 0.1784559022977921
17000 0.17601727763568306
18000 0.17025428947282592
19000 0.16934464370367963
20000 0.16562933749245626
21000 0.15988306859613247
22000 0.15669447758374339
23000 0.15527181815120902
24000 0.1568180919816454
25000 0.14851735544883427
26000 0.15154327527706724
27000 0.14741875355850861
28000 0.1452484814399445
29000 0.14346783639610897
30000 0.14196838849616225
31000 0.14116970655962185
32000 0.13836715169824115
33000 0.1354936418955521
34000 0.13629520249697827
35000 0.13376794728132413
36000 0.1310711952649937
37000 0.1301073131719928
38000 0.12723196936365733
39000 0.12963415552515614
40000 0.12779342116731918
41000 0.1265019364160538
42000 0.12903226572609958
43000 0.12417941357707987
44000 0.12346726062236887
45000 0.12187214092413103
46000 0.1207720731302629
47000 0.11819874296345205
48000 0.1198891555615968
49000 0.11677064484100405
50000 0.11450321593225192
51000 0.11809206654810767
52000 0.11615043592384007
53000 0.11461050990958398
54000 0.11617372580633888
55000 0.11238798442551426
56000 0.11167758501681053
57000 0.11224532200652577
58000 0.1132252243927429
59000 0.11132448752419849
60000 0.11001472139964803
61000 0.10962270616280274
62000 0.10686326447142783
63000 0.10650531560340352
64000 0.10630261823014464
65000 0.10728952995833549
66000 0.10772515257141568
67000 0.10613889643658136
68000 0.10555325529239801
69000 0.10460104781857714
70000 0.10468546162358149
71000 0.10456223655594114
72000 0.10506798740366025
73000 0.1017460564796396
74000 0.10078894244970281
75000 0.10230084637792154
76000 0.10340181299524284
77000 0.10093642575777544
78000 0.09875429844387376
79000 0.10013608652069365
80000 0.10063750275403657
81000 0.10014319354803605
82000 0.09853833347606306
83000 0.09924752131927622
84000 0.09865750748979973
85000 0.09578411027148638
86000 0.09648221320807834
87000 0.09809044964944405
88000 0.09554385788393537
89000 0.09633231070029055
90000 0.09666763976630309
91000 0.09617331827171835
92000 0.09386170013438896
93000 0.09778817149707959
94000 0.09481349577121297
95000 0.0941141717401833
96000 0.09340911080186425
97000 0.0940760502085372
98000 0.09295752374582715
