0 0.19092030948510977
1000 0.11915493421739848
2000 0.09788063557545269
3000 0.08724371597319061
4000 0.07926633162342708
5000 0.07624070535383728
6000 0.07493103057330357
7000 0.0698299792519768
8000 0.0698134997967093
9000 0.07025601342486622
10000 0.06726198340956724
11000 0.06529935063842758
12000 0.06344761947183711
13000 0.06360107810362885
14000 0.0630543005502786
15000 0.06158061172983288
16000 0.06153013340755908
17000 0.06100099211353948
18000 0.06165366028499035
19000 0.06141981371038188
20000 0.06022939603744987
21000 0.060026645877332356
22000 0.05972783823911726
23000 0.05938686934489799
24000 0.06057999382162734
25000 0.05978979280648132
26000 0.05826748660823482
27000 0.058871141637933236
28000 0.058115208769519144
29000 0.05978079881749677
30000 0.058001746829860146
31000 0.05821611621374854
32000 0.056775813855233885
33000 0.05752799714395992
34000 0.05652475201592098
35000 0.05629027852535287
36000 0.057452714275657846
37000 0.05626807200540154
38000 0.056571805091442176
39000 0.056569725291540154
40000 0.0570052320838685
41000 0.05590609086341109
42000 0.05729230229188044
43000 0.05603070537705504
44000 0.055848975634624216
45000 0.05648026327646798
46000 0.05560756332550885
47000 0.055145598607229014
48000 0.054761796804467515
49000 0.05527952066925332
50000 0.0554430198258738
51000 0.05537328381291661
52000 0.056466820360075234
53000 0.05621376653443336
54000 0.05613091723598479
55000 0.05505619172380139
56000 0.05534450443775281
57000 0.055835751736008306
58000 0.05534492807472011
59000 0.05371094878441528
60000 0.05415617167351699
61000 0.05510382076398356
62000 0.05396747844256629
63000 0.053366894012335235
64000 0.05444085901088335
65000 0.055675151523836376
66000 0.05519239839721544
67000 0.05665205339443533
68000 0.05729018396208648
69000 0.054086024730298415
70000 0.05385954389874695
71000 0.05434495710676306
72000 0.055766841343529584
73000 0.05469413433757837
74000 0.05586741608669751
75000 0.05510810540252308
76000 0.05423227979709882
77000 0.05427985836266162
78000 0.054846262599245785
79000 0.05629038345748429
80000 0.05517865410160782
81000 0.05388082237052212
82000 0.054566215821245725
83000 0.05336424921421346
84000 0.05423505650059434
85000 0.054659219520499694
86000 0.05430774356453809
87000 0.053222299363918625
88000 0.05532668944249974
89000 0.056340532828477036
90000 0.054328245518590126
91000 0.05393679501274688
92000 0.054180572516195596
93000 0.05485598126891644
94000 0.05478381754069647
95000 0.05512277352098192
96000 0.05504429379716416
97000 0.05307461610524697
98000 0.05458262113410239
