0 0.2854904428863194
1000 0.27975621571310383
2000 0.2798703307177349
3000 0.27088902199126363
4000 0.271982015082185
5000 0.26457933561312974
6000 0.2572090404072769
7000 0.25731336397894
8000 0.25561728775791326
9000 0.24898819071174355
10000 0.25056857963940277
11000 0.2470118654166218
12000 0.24664854754261042
13000 0.2434769396026639
14000 0.2361300075567384
15000 0.23614638593138204
16000 0.23140987252771045
17000 0.22995603453933364
18000 0.2266241824738499
19000 0.22505095481068896
20000 0.22459901539292842
21000 0.22355953227109598
22000 0.21930313121012315
23000 0.2134522743006061
24000 0.2107359843438063
25000 0.21309968228865084
26000 0.20943661757411283
27000 0.20682787884842002
28000 0.20799869404554314
29000 0.20711027027621728
30000 0.20373528519782824
31000 0.20135773246572672
32000 0.20484065342036684
33000 0.1996759511636121
34000 0.1976776865248453
35000 0.19813863376199378
36000 0.19339627570604026
37000 0.19235889148041768
38000 0.1889857731009872
39000 0.1898214566675524
40000 0.187603722833627
41000 0.1845844234112817
42000 0.18838846350206714
43000 0.18896562160713765
44000 0.1888196591361666
45000 0.18361983420349204
46000 0.18041300559996964
47000 0.17790233436830857
48000 0.17982068392283707
49000 0.178621177575823
50000 0.17631504731879455
51000 0.18028548845095974
52000 0.17173904553650043
53000 0.17208927151555328
54000 0.17203520347548573
55000 0.17356703904256018
56000 0.17235907714727067
57000 0.17046555099760258
58000 0.17014689049820178
59000 0.167937242196253
60000 0.1676497891665379
61000 0.16949933328557332
62000 0.16643441973467404
63000 0.1673712321125802
64000 0.16605455966653263
65000 0.16334315123207802
66000 0.16150239216145795
67000 0.1610572680708201
68000 0.16343112934380397
69000 0.16112139826735303
70000 0.16045887882922003
71000 0.15990353165776353
72000 0.16013229447644492
73000 0.15958985127452002
74000 0.15988109532898076
75000 0.1547138757894078
76000 0.1576474697876205
77000 0.15619280068487615
78000 0.15464541351340086
79000 0.15351227782872304
80000 0.15281834215064566
81000 0.15217220183478417
82000 0.15239804243389973
83000 0.14993660658218366
84000 0.1483979873124827
85000 0.15059642073918725
86000 0.1488454272704152
87000 0.14657707980716417
88000 0.1470296855775846
89000 0.14768778327501392
90000 0.14630698667166805
91000 0.14564619477884277
92000 0.14492827124268884
93000 0.14513276693931484
94000 0.1438213601534645
95000 0.14257696741354675
96000 0.14237291518645667
97000 0.14253449110014654
98000 0.14369419803691597
