0 0.32354542476119424
1000 0.3184626540438896
2000 0.3192802026480569
3000 0.3162707110413317
4000 0.317901916329003
5000 0.3214374845131423
6000 0.3176538279163737
7000 0.3161897081495573
8000 0.31818945278894
9000 0.3224153506910888
10000 0.31593387246565824
11000 0.31761613639855946
12000 0.3153721287267148
13000 0.3170887383037423
14000 0.31746023404072
15000 0.3205050958669405
16000 0.31906384369241286
17000 0.31768588871962683
18000 0.3208977470232366
19000 0.31587573066449354
20000 0.3155621170135266
21000 0.31733376668088975
22000 0.31769251237026586
23000 0.3182637541631584
24000 0.3178073429648171
25000 0.318908111655402
26000 0.3146839792408625
27000 0.3143551041524583
28000 0.3220874970997141
29000 0.310050509398417
30000 0.32097483859473996
31000 0.31742465475296183
32000 0.31921105835964353
33000 0.31218134758572524
34000 0.3153109871723815
35000 0.3215330417875288
36000 0.32060918807764716
37000 0.3147310548500419
38000 0.31763772611328817
39000 0.3191281405995643
40000 0.31662515607032565
41000 0.3148318841674485
42000 0.3190826271850521
43000 0.31735887580565364
44000 0.31600346660055717
45000 0.31718563948123474
46000 0.3171792474283808
47000 0.31338624887829813
48000 0.31995119276070594
49000 0.3173649364718938
50000 0.31323330442462527
51000 0.32015037372608957
52000 0.3179464662924262
53000 0.3190486543314774
54000 0.31730085208106934
55000 0.3168727571153374
56000 0.3202587418606654
57000 0.314702495221959
58000 0.32048259430663395
59000 0.3141045158893757
60000 0.3182031973468565
61000 0.31501668224039386
62000 0.3165719980942939
63000 0.3158659894254328
64000 0.3189903242794061
65000 0.31819731089225867
66000 0.31618484983048784
67000 0.31557726641990397
68000 0.31752405904160363
69000 0.3178039552791411
70000 0.3179437545738437
71000 0.32085894460965797
72000 0.31687838217706804
73000 0.31964701019622477
74000 0.3177453098732084
75000 0.3156043569409864
76000 0.31768538914708555
77000 0.3177920105330465
78000 0.31625453379350893
79000 0.32094144209946185
80000 0.32014564267207163
81000 0.31664869925671096
82000 0.31789397108106754
83000 0.3138905802092508
84000 0.31578867364084995
85000 0.3146046045736556
86000 0.3181265710786533
87000 0.3140776998881166
88000 0.31877366396778645
89000 0.31618670871326704
90000 0.31457288663813965
91000 0.32127172691128564
92000 0.31734209495060894
93000 0.3115248750471129
94000 0.3172244304433568
95000 0.3175146091055603
96000 0.31707035228984126
97000 0.31296704489242055
98000 0.31208735940318816
