0 0.30995606854403074
1000 0.2998882671807747
2000 0.29840812124753424
3000 0.29154348778694816
4000 0.2846390926577437
5000 0.2809545720105687
6000 0.2776727991256332
7000 0.27748581044066645
8000 0.27846352377049133
9000 0.277015939384709
10000 0.2774147364744097
11000 0.27236782748236016
12000 0.26745460366029405
13000 0.2721749876860237
14000 0.2694796585606315
15000 0.2673246787551357
16000 0.2681504652820882
17000 0.26927097704344954
18000 0.26970383412554766
19000 0.26584136315420576
20000 0.26130912952084406
21000 0.26725030562975005
22000 0.261746952850245
23000 0.2625073911860054
24000 0.2620734576331363
25000 0.26336749613459415
26000 0.2623215471575506
27000 0.25978371852687665
28000 0.2580287072587096
29000 0.26032287241571134
30000 0.2612001488114161
31000 0.25141728941676134
32000 0.2552697884863184
33000 0.25550451446450156
34000 0.25296263697053056
35000 0.25431621537160126
36000 0.252977229288573
37000 0.2505172130481413
38000 0.2551226125226689
39000 0.25318820109178075
40000 0.24467942320777059
41000 0.2536750112936059
42000 0.25423905866627267
43000 0.25190074320241945
44000 0.24676260820208484
45000 0.24925079428616392
46000 0.2527815240911563
47000 0.24931229772458408
48000 0.2509534485099871
49000 0.24618917086811112
50000 0.24589503160610648
51000 0.24544445633920714
52000 0.24359861198540142
53000 0.24229149175487674
54000 0.2405566535000206
55000 0.24717745250520434
56000 0.2436684676583277
57000 0.246023601063905
58000 0.24587752084518946
59000 0.23956911869316624
60000 0.2382784530812706
61000 0.24275883277070384
62000 0.23894846340445866
63000 0.24505822162382848
64000 0.24074265407995266
65000 0.2420797608584937
66000 0.243813333395639
67000 0.24237048213168605
68000 0.2385996096821208
69000 0.23865975631662656
70000 0.23955368927349904
71000 0.23962087488263062
72000 0.23798135048517224
73000 0.23602247855853595
74000 0.23769595355471693
75000 0.23468420374959542
76000 0.235686501881831
77000 0.23814245977709042
78000 0.23928866004290453
79000 0.23616339605065936
80000 0.23523607748188616
81000 0.2382149507596489
82000 0.2342321655028684
83000 0.2320295119430848
84000 0.23562393965950723
85000 0.2337888066028074
86000 0.23214446668295846
87000 0.22967162762208437
88000 0.23033281755787105
89000 0.2337395765384333
90000 0.22804237306662015
91000 0.23222877711309559
92000 0.23193369454961424
93000 0.22622077802415586
94000 0.23067136512130443
95000 0.23153564828525472
96000 0.2286622963586602
97000 0.23135642590021147
98000 0.23082533564705723
