0 0.2779041441854681
1000 0.2658644557041613
2000 0.26508791073106863
3000 0.2601538761492491
4000 0.25013644872799967
5000 0.24927750585710662
6000 0.24486734402128152
7000 0.23887767254318795
8000 0.23690521082209584
9000 0.2362820120527442
10000 0.22925291196833736
11000 0.22986019135568225
12000 0.22481788669923064
13000 0.2248219442008629
14000 0.2227862574019355
15000 0.22252437144837278
16000 0.2163603577327351
17000 0.2135174331411151
18000 0.21381217974135683
19000 0.21215898870557418
20000 0.20847067528520452
21000 0.20876216550435253
22000 0.20683117737177045
23000 0.2063445137111408
24000 0.20340047171512426
25000 0.20247476406430776
26000 0.20044953056110024
27000 0.19741302567348984
28000 0.19635490466193292
29000 0.19549445934570642
30000 0.1972442805689262
31000 0.19177357337715786
32000 0.1948874576164207
33000 0.1892505712982063
34000 0.1885189278039791
35000 0.18930980945569234
36000 0.18711319655523476
37000 0.18221131453598344
38000 0.18136598307607127
39000 0.17956138670436053
40000 0.18055468507069
41000 0.17939285889747286
42000 0.17577526643550648
43000 0.17599270176838935
44000 0.1794594136415872
45000 0.17504982960222193
46000 0.17576136793961492
47000 0.1710419230657328
48000 0.1731424793741971
49000 0.17526305148828444
50000 0.17283618320599423
51000 0.17176764861015126
52000 0.16628010189326314
53000 0.16606198246396403
54000 0.1690440595230093
55000 0.16559268593160842
56000 0.16720447359555066
57000 0.1680243121052216
58000 0.16023884006892256
59000 0.16439036213328617
60000 0.16160940100245838
61000 0.16164285195049327
62000 0.16329889834715616
63000 0.15816834240203578
64000 0.15781573622898537
65000 0.15616808869222598
66000 0.15770847592774842
67000 0.15481604699511545
68000 0.15391709778392249
69000 0.15354432954679345
70000 0.15201539259110453
71000 0.15340870479202595
72000 0.15184022741590514
73000 0.15406431462951536
74000 0.15354058054478462
75000 0.1500837029751778
76000 0.14911063952418982
77000 0.1500418850565021
78000 0.1492718226865684
79000 0.1460843722281414
80000 0.14520480526757854
81000 0.14987068060004927
82000 0.1473910507306223
83000 0.15057450823108157
84000 0.14344420282755665
85000 0.1461409751989463
86000 0.14592169336199423
87000 0.14648644179858908
88000 0.14502563194187199
89000 0.14245658939110947
90000 0.1432243655164112
91000 0.1454602640959526
92000 0.1410797609682353
93000 0.13987220581528864
94000 0.14226771255671283
95000 0.14091547556651485
96000 0.14055711134165558
97000 0.13779624648960603
98000 0.13851387409097865
