0 0.24041417360642936
1000 0.19195544596927466
2000 0.16831684318049298
3000 0.15413472220331706
4000 0.14301162443369764
5000 0.13532224552818672
6000 0.12664589069409263
7000 0.12873662018309892
8000 0.1234412210121466
9000 0.11871856299687387
10000 0.11890046136230394
11000 0.11703184575796449
12000 0.11384251902183845
13000 0.11217931891539341
14000 0.11298390421511312
15000 0.11058603205353972
16000 0.10977925725141274
17000 0.11144994211798862
18000 0.11000136080193414
19000 0.1069527370736223
20000 0.10892571407558967
21000 0.10698491116689779
22000 0.1059335774155096
23000 0.10567084812809575
24000 0.10792859769679203
25000 0.10551641459677176
26000 0.10299877826381279
27000 0.1028764048936003
28000 0.10239549346525141
29000 0.10275410516162685
30000 0.10124641960551298
31000 0.10194537159271402
32000 0.10180104114708896
33000 0.10081847982818536
34000 0.09932262785492395
35000 0.10202727305638165
36000 0.09809248065961623
37000 0.09734530232165095
38000 0.09732009454066881
39000 0.09591669558198403
40000 0.09744766728503411
41000 0.0988749634893124
42000 0.09601766267976705
43000 0.09614448845346348
44000 0.0949239949346264
45000 0.09640391525785785
46000 0.09429648115559579
47000 0.09569060738362194
48000 0.09718650200035739
49000 0.09567249709375995
50000 0.09621900231680289
51000 0.09398722820659584
52000 0.09637159775994228
53000 0.09642314019326653
54000 0.09424489581997332
55000 0.09418144885705687
56000 0.09091248373730931
57000 0.09384994782216607
58000 0.09208219729576538
59000 0.09072962611096697
60000 0.09000593803885806
61000 0.09170232671054557
62000 0.09041554014108565
63000 0.09169481302901104
64000 0.08992065742935196
65000 0.09202188291149056
66000 0.0886695080481699
67000 0.09125932254972963
68000 0.08994912812935343
69000 0.09040086662428892
70000 0.08973504194579479
71000 0.0901677228278885
72000 0.0902052420184753
73000 0.08951963383990388
74000 0.08767631420338612
75000 0.08803331702894691
76000 0.08736362883014896
77000 0.0885264612189796
78000 0.08814855321265051
79000 0.0885760096733972
80000 0.08714128700093086
81000 0.08857985367258177
82000 0.08829871029809727
83000 0.08733080339352739
84000 0.08564619647504555
85000 0.0885091639149583
86000 0.08688940771722527
87000 0.08630606148225814
88000 0.0880001036736065
89000 0.08664539113672629
90000 0.08578648816976168
91000 0.0870641446282781
92000 0.08666062537968813
93000 0.08679518878618929
94000 0.08471882671349151
95000 0.08627721446488737
96000 0.08331479735885872
97000 0.08446821387226876
98000 0.08534941071635103
