0 0.2713135050685089
1000 0.2376126567705899
2000 0.21420989428541973
3000 0.20012523526569367
4000 0.18388650470320259
5000 0.1720536396482126
6000 0.16489764187141898
7000 0.15518920634212474
8000 0.14855095581413968
9000 0.14381575967883134
10000 0.13810223119414675
11000 0.13512766574844057
12000 0.12889388885664443
13000 0.12468835426292704
14000 0.12180194813934922
15000 0.12068901551318056
16000 0.11647071574770376
17000 0.11611017961744202
18000 0.11205552586476923
19000 0.11158167488997878
20000 0.10681463538865427
21000 0.107490420321088
22000 0.1041676951323298
23000 0.10435743977496034
24000 0.10064416969858742
25000 0.10066288622443559
26000 0.09994723809065453
27000 0.09779539731724304
28000 0.09577782917385504
29000 0.09669844380785976
30000 0.09540316278528453
31000 0.09361945476847837
32000 0.0912710226908091
33000 0.09343865644845088
34000 0.09291440279528476
35000 0.0905531918240527
36000 0.0895750398054448
37000 0.08877086873617487
38000 0.08868056380858061
39000 0.08570753247089467
40000 0.08732425360782715
41000 0.08566578428788815
42000 0.08641623502369064
43000 0.0840369433485919
44000 0.08532930949549236
45000 0.08311561026073619
46000 0.08411094748442574
47000 0.08286504977292519
48000 0.08250025105042985
49000 0.08259305242889158
50000 0.08152441862199536
51000 0.07965738851474388
52000 0.08008662577919859
53000 0.08165970798476213
54000 0.07983603395982618
55000 0.07891979515012083
56000 0.07887443607906765
57000 0.07794843463352598
58000 0.07651649083346651
59000 0.07791584309528338
60000 0.07732749497889375
61000 0.07606240070989898
62000 0.07714697279777005
63000 0.07606169016411218
64000 0.07566083493807381
65000 0.07470683392736131
66000 0.07633662030664552
67000 0.07406787449035539
68000 0.07364658728966489
69000 0.0748647147202886
70000 0.07577551896031492
71000 0.07295065034851611
72000 0.07394413029378506
73000 0.07430419265179564
74000 0.07309533096096633
75000 0.07376552436459399
76000 0.07280443126354362
77000 0.07351032757184281
78000 0.07393179092839795
79000 0.07282690961895576
80000 0.07292673910940334
81000 0.07360246140240144
82000 0.0711417956250608
83000 0.07081919848260516
84000 0.07165524172684512
85000 0.07093873004973546
86000 0.07047924750379832
87000 0.07096004992748856
88000 0.07010544616033565
89000 0.07029921034773451
90000 0.07103566460365275
91000 0.07136559852987855
92000 0.06944940936626971
93000 0.07205006302574907
94000 0.07006223048629645
95000 0.06997773560417206
96000 0.06957847341164007
97000 0.06902578637122224
98000 0.07149697645774335
