0 0.2889799863774169
1000 0.2810723867261614
2000 0.27553518865047
3000 0.27125050643268434
4000 0.26714460276173024
5000 0.2643483889093829
6000 0.26265984602013
7000 0.25756130858316234
8000 0.2599484847837459
9000 0.2545698404003511
10000 0.25920323322999933
11000 0.25471212412470484
12000 0.2533457472994545
13000 0.25011726685451113
14000 0.24573363290343855
15000 0.2451667051125807
16000 0.24649422942110596
17000 0.24463088136168568
18000 0.24439570684031914
19000 0.23978994510260798
20000 0.241846918475624
21000 0.2392926770615363
22000 0.2402188959430491
23000 0.24012068491828223
24000 0.23768395124167008
25000 0.23474949987369634
26000 0.23231799014796795
27000 0.24036285146637326
28000 0.23364375990366937
29000 0.23586194692743492
30000 0.234370936284584
31000 0.23247272831607724
32000 0.23399361573812666
33000 0.22935255960395481
34000 0.22838716967401648
35000 0.22840816425506116
36000 0.22594812278470078
37000 0.22881470434682133
38000 0.22558027167565967
39000 0.22728435924330456
40000 0.21955909304881727
41000 0.22317406146738364
42000 0.2212983598840782
43000 0.22257787976684443
44000 0.22321309641544335
45000 0.22081380955707858
46000 0.21717252221580968
47000 0.22180551732792542
48000 0.2173864669739278
49000 0.21822008905142795
50000 0.21528766911698527
51000 0.21726053017093352
52000 0.21334765739918582
53000 0.21345312913314907
54000 0.21362912266981568
55000 0.21641148516398417
56000 0.21451932681133853
57000 0.21357827926631992
58000 0.21210844798404743
59000 0.2083958214094082
60000 0.20811256954574361
61000 0.208110340028689
62000 0.20540669518635193
63000 0.20156291277665056
64000 0.20441064360685868
65000 0.2039223584424119
66000 0.20329853212177593
67000 0.20416413599684602
68000 0.20469367657144918
69000 0.20538228138966985
70000 0.2028688069657885
71000 0.2032679198891744
72000 0.20401751098413726
73000 0.19855906310312707
74000 0.20053058241698707
75000 0.19858665473050216
76000 0.19792300141988498
77000 0.19682126236855602
78000 0.1983546354717101
79000 0.19652486054367166
80000 0.1987140210650671
81000 0.19507594746435453
82000 0.19965318509146454
83000 0.1982845911058801
84000 0.19523599391354762
85000 0.19457275180134626
86000 0.19372062963792822
87000 0.19664663103214047
88000 0.19676849854516312
89000 0.19149022999662418
90000 0.1925200881992522
91000 0.19424936273076807
92000 0.1933796672068081
93000 0.19539092745085732
94000 0.1884480633362886
95000 0.1919670969204007
96000 0.19134476136278522
97000 0.189417865288743
98000 0.18959984075025782
