0 0.4153712918339037
1000 0.40558240830708003
2000 0.407831816739419
3000 0.40722054610619224
4000 0.4075887677864113
5000 0.40605384036036285
6000 0.406448784475135
7000 0.4038758570355906
8000 0.4017110761859003
9000 0.40897704401383633
10000 0.40547613069161487
11000 0.4013018195990028
12000 0.40779557927696053
13000 0.39826737427098935
14000 0.40470990078213076
15000 0.40247454522322706
16000 0.4054408775265056
17000 0.4009800730805808
18000 0.4034063250082262
19000 0.4029561175315207
20000 0.4023644713480866
21000 0.40478178138108073
22000 0.4047197255453186
23000 0.4048765237313331
24000 0.4073089616752565
25000 0.40773100637331544
26000 0.3975959173460781
27000 0.4016235456772179
28000 0.4000853384340302
29000 0.4011832133484954
30000 0.3984725099085686
31000 0.39881948842362824
32000 0.40193364515212393
33000 0.3969861028765333
34000 0.39755263174672756
35000 0.39833579036260547
36000 0.40014983473559057
37000 0.4046729530157418
38000 0.40573199528424153
39000 0.4026379873026629
40000 0.4036977054966941
41000 0.40336879299399625
42000 0.3972518115733067
43000 0.3990158507382116
44000 0.4056098949109525
45000 0.3973521996029884
46000 0.4008457154381824
47000 0.40255393886028956
48000 0.3974034605995198
49000 0.39534271185620135
50000 0.39895294871163983
51000 0.4000189918180627
52000 0.4037159340704223
53000 0.40242775545580534
54000 0.3973971717586273
55000 0.40205447906920816
56000 0.40365349632942754
57000 0.393645463575322
58000 0.40048361687346934
59000 0.39898727267236384
60000 0.3992804194093755
61000 0.4003142233732625
62000 0.39885689668987695
63000 0.4017279525210812
64000 0.40059309706414914
65000 0.3995217981024421
66000 0.40024169651317015
67000 0.40074866133740306
68000 0.39658653493022866
69000 0.3983852138799518
70000 0.39484307913453676
71000 0.3992739034009969
72000 0.3955902614464214
73000 0.39964832072317724
74000 0.39854473303725935
75000 0.40273811386212993
76000 0.4012605190982948
77000 0.4000729209537528
78000 0.40438841564246425
79000 0.40268760278928023
80000 0.4001518578827588
81000 0.3985204484278124
82000 0.40144294040499423
83000 0.40236132874549774
84000 0.40601908179090296
85000 0.40071454936439543
86000 0.4053587407298509
87000 0.4049806818851793
88000 0.39522588586155544
89000 0.3947025158486578
90000 0.3987008371995236
91000 0.40150755973515134
92000 0.4020568451523288
93000 0.4026772886646438
94000 0.39876398224644605
95000 0.39877442026596654
96000 0.4033198696415633
97000 0.39652268808690666
98000 0.39812439938361033
