0 0.31316566090990017
1000 0.3051362731798819
2000 0.3061405275198446
3000 0.3035624879898999
4000 0.3036935970253352
5000 0.30238572997156044
6000 0.2939718530126226
7000 0.29889832281589285
8000 0.29431044982891125
9000 0.2946797179060558
10000 0.29282472908471485
11000 0.2878961534852164
12000 0.2864654782390392
13000 0.2900696506487106
14000 0.29102599470603613
15000 0.2902097428716697
16000 0.2869079916765669
17000 0.29074231478535184
18000 0.28787711838238467
19000 0.28458190190865007
20000 0.2869313333709647
21000 0.2829357735942582
22000 0.28192684876765883
23000 0.2844744943671664
24000 0.2854521008231608
25000 0.2894724023759757
26000 0.28404884267636793
27000 0.2845261976792143
28000 0.2817531323056215
29000 0.2807988084633324
30000 0.2790323200779195
31000 0.2765284452106625
32000 0.2768423173071765
33000 0.2781392043498674
34000 0.2768565638899298
35000 0.27755725256953045
36000 0.2798071389263334
37000 0.2794563866949533
38000 0.27786076237664925
39000 0.2801105581537289
40000 0.2743714648863803
41000 0.276737102197185
42000 0.2744177986265678
43000 0.27895922359093067
44000 0.277065728871277
45000 0.2784667805393945
46000 0.2747494697960953
47000 0.2774947888327847
48000 0.2771912361197026
49000 0.2761283435402006
50000 0.2744082384792931
51000 0.2712213035154795
52000 0.27170249974633354
53000 0.2718695061821472
54000 0.27254212836814284
55000 0.2722515638142661
56000 0.27063049762015334
57000 0.27204170341464234
58000 0.27070765794892604
59000 0.2653713388044856
60000 0.27018469927387534
61000 0.2718284241377483
62000 0.27301352919169425
63000 0.26802121407526264
64000 0.27064358069624644
65000 0.26415117898829876
66000 0.27081863214102275
67000 0.2632380202698625
68000 0.27154468046089847
69000 0.26639981735793816
70000 0.2699413498280834
71000 0.2673814785031285
72000 0.2636771362266762
73000 0.2651524669111678
74000 0.26354973923222674
75000 0.2640314980371642
76000 0.2630123218004974
77000 0.2627679247530544
78000 0.2651288162128622
79000 0.26120061063328615
80000 0.2630184526337863
81000 0.2625227880418708
82000 0.26115895960206637
83000 0.2611106814878068
84000 0.26117946342349146
85000 0.25564903300990155
86000 0.2622364592778966
87000 0.26035933109521553
88000 0.26034390221044484
89000 0.257765048685023
90000 0.25971850786178385
91000 0.2581201833413961
92000 0.2558504462043101
93000 0.2603117591133056
94000 0.2560963433561876
95000 0.2540582053557562
96000 0.25905832950699303
97000 0.25885051739520026
98000 0.2544519114606876
