0 0.18883751733055074
1000 0.1206065142929863
2000 0.0994057556661036
3000 0.0876292760003973
4000 0.08102332633462637
5000 0.07715946890979632
6000 0.07380609775207579
7000 0.07057981503147057
8000 0.06950162517347239
9000 0.06920516026130658
10000 0.0651153298607813
11000 0.06473528656613274
12000 0.06440871026528161
13000 0.06416029954734528
14000 0.061943129437758475
15000 0.06230209137615787
16000 0.060175844502480993
17000 0.061041640968922055
18000 0.06184296321828408
19000 0.06161470785693658
20000 0.05992928220097119
21000 0.05907156126593889
22000 0.05907880208966913
23000 0.05934801821778421
24000 0.05899645524216141
25000 0.0599108018504639
26000 0.058169264269340104
27000 0.05799279722199094
28000 0.05761053281789035
29000 0.057271481025077155
30000 0.05706718391298248
31000 0.05775139049015149
32000 0.056875776356656124
33000 0.05692183077879426
34000 0.0575712352593696
35000 0.05728391804077151
36000 0.05658942823220166
37000 0.05609534352309711
38000 0.057663248635253926
39000 0.05718322437501568
40000 0.057403627643618796
41000 0.0567844747892313
42000 0.05624291019362143
43000 0.056643400916792215
44000 0.05756062352824101
45000 0.05461143611567643
46000 0.05562876920938498
47000 0.05539674650142646
48000 0.05550800972345666
49000 0.056966732162287335
50000 0.05698396473982067
51000 0.05549758681756632
52000 0.055674954234732496
53000 0.05637190175426066
54000 0.0564231480361785
55000 0.056076282943342874
56000 0.055355354218642884
57000 0.05614184537572793
58000 0.056604219900209245
59000 0.05451673023024659
60000 0.0543352933285042
61000 0.05481456442329935
62000 0.05480256012928934
63000 0.055895778678953546
64000 0.05504279297155366
65000 0.054643604158382625
66000 0.05497382106466705
67000 0.054656703960034816
68000 0.05434209385159344
69000 0.054219598730049556
70000 0.05513402929077044
71000 0.055649808516805156
72000 0.05533565977666659
73000 0.0551338703210877
74000 0.05469345225492018
75000 0.05358372424202227
76000 0.055690971935664725
77000 0.05624876166738897
78000 0.05383629373580243
79000 0.0549343405849808
80000 0.054837220819698995
81000 0.05514049156566312
82000 0.05538334282887673
83000 0.055820356971614825
84000 0.05507108648438072
85000 0.05562626040653292
86000 0.05595227206145223
87000 0.055581754089695054
88000 0.05614780302771516
89000 0.05512985877762505
90000 0.05535217636527853
91000 0.055137421793857326
92000 0.054683957432330225
93000 0.05463071053609911
94000 0.05467244634575863
95000 0.055259357700921205
96000 0.05507370113395171
97000 0.05520613231358868
98000 0.05345294788985574
