0 0.2432274459348362
1000 0.2116709534243393
2000 0.19310862640141885
3000 0.1835179377228429
4000 0.17618792698329774
5000 0.17180570765629014
6000 0.16923992813364852
7000 0.1632095256532155
8000 0.16434358836682464
9000 0.1606234599763934
10000 0.15994936529521636
11000 0.15687338247865462
12000 0.157813382316578
13000 0.15742240846363204
14000 0.1562582907064039
15000 0.15414446354964362
16000 0.15450515838500423
17000 0.1544213943365519
18000 0.157448261495316
19000 0.15355152565167007
20000 0.15470028759827253
21000 0.1541192763925336
22000 0.1575233173182798
23000 0.15223982148019588
24000 0.15156676044481812
25000 0.15681314138546118
26000 0.1561964402669757
27000 0.15319339444874872
28000 0.1563206857792014
29000 0.15315557886668313
30000 0.15531584941263316
31000 0.15299114178055562
32000 0.152379011640715
33000 0.15347211144973846
34000 0.15458121216467535
35000 0.15306465722646545
36000 0.1522583560337201
37000 0.1556258744151387
38000 0.15435644963096817
39000 0.15114071816586777
40000 0.15470302136235697
41000 0.15419854504875963
42000 0.15214403207807925
43000 0.1536507983572714
44000 0.15379622469789786
45000 0.15496254526947964
46000 0.15276071456203028
47000 0.15251996593702485
48000 0.15410162347815962
49000 0.15233339897620113
50000 0.14999798580656212
51000 0.15639216314981724
52000 0.1507796368535453
53000 0.15295534523563842
54000 0.14898309656764605
55000 0.15382785145424197
56000 0.1496810490073034
57000 0.15434170521384907
58000 0.15104515870103116
59000 0.1518362763390862
60000 0.1539433480786068
61000 0.15420609594036636
62000 0.15276840241293443
63000 0.1522886923619885
64000 0.15275112273368577
65000 0.15339582825034115
66000 0.14990320644270924
67000 0.15375275845382824
68000 0.15297763363814273
69000 0.15330821842404796
70000 0.15381029389692863
71000 0.15177667910243992
72000 0.1496311111662839
73000 0.15204657335768154
74000 0.1516284757371339
75000 0.15133317936112042
76000 0.1525057185198433
77000 0.15301315773963542
78000 0.15260465068087303
79000 0.15209839426104
80000 0.15014518211905512
81000 0.15471104317316062
82000 0.15209658282810562
83000 0.1537066249725085
84000 0.14962636392705636
85000 0.15115564926940583
86000 0.15170337230275618
87000 0.15246988838399603
88000 0.15095719049228795
89000 0.15186128627785014
90000 0.1539414216690049
91000 0.15116587947915883
92000 0.15148173436648638
93000 0.15149079086503103
94000 0.15131102714747036
95000 0.1529508026032482
96000 0.15340638443309865
97000 0.15033783475948728
98000 0.14902106878506954
