0 0.235178641070657
1000 0.17824668170572802
2000 0.1523862264062887
3000 0.13458723584637114
4000 0.1277816517882497
5000 0.1194163668403869
6000 0.1136016763477651
7000 0.10917923849178095
8000 0.10683590981610269
9000 0.10474393788387788
10000 0.10079944341775075
11000 0.09993019944873574
12000 0.09993145907058114
13000 0.09693591510692447
14000 0.09613906624646941
15000 0.09517421628737141
16000 0.09457528290761547
17000 0.09134518485918325
18000 0.08892027019413735
19000 0.08898495929609243
20000 0.08791504150426173
21000 0.08636873631849384
22000 0.08761056809062354
23000 0.08727804469887455
24000 0.08567490690664518
25000 0.08700334570878084
26000 0.08533824433840573
27000 0.08349924045246977
28000 0.08275218827894529
29000 0.08249973177357804
30000 0.08275183364813288
31000 0.08014518076106046
32000 0.08035921267379476
33000 0.08089421922377894
34000 0.08108164385642182
35000 0.08082343174322394
36000 0.08008651571665501
37000 0.07774645810415459
38000 0.07781870664112467
39000 0.07865147873464937
40000 0.07840590105830882
41000 0.07857756341325275
42000 0.07765451670645103
43000 0.07878542968233809
44000 0.07713020860922552
45000 0.07681864415883834
46000 0.07387238523635077
47000 0.07480780766506592
48000 0.07577686615737486
49000 0.07490284839100593
50000 0.07479857747981603
51000 0.07696121436607106
52000 0.07517679472983813
53000 0.07560018601901808
54000 0.07550629950200093
55000 0.0732908901145678
56000 0.0747976072471272
57000 0.0738854810262615
58000 0.07394895480141696
59000 0.07334239942932883
60000 0.07191582264540364
61000 0.07187552885429
62000 0.07222613690799139
63000 0.07180685347786875
64000 0.07106818089813595
65000 0.07178135168098951
66000 0.07075882072286023
67000 0.07098867743576939
68000 0.07072135737674624
69000 0.07128852449446522
70000 0.0711604811896584
71000 0.06984874385123167
72000 0.0688450334974858
73000 0.0703732350376631
74000 0.0685563999899876
75000 0.06956386279266633
76000 0.06922250725419071
77000 0.06942367702723677
78000 0.06848358957210064
79000 0.06876101600169635
80000 0.06975304149611977
81000 0.06934182639412892
82000 0.07035462915436173
83000 0.06991151627745068
84000 0.07258324509198251
85000 0.06971800815869228
86000 0.0671053036790899
87000 0.06869283056491846
88000 0.06935754398014281
89000 0.06975437719238214
90000 0.0683989871092433
91000 0.0667559249753224
92000 0.06992452704961259
93000 0.06730262852904557
94000 0.06722207718285002
95000 0.06569220517723713
96000 0.06703677556122757
97000 0.06744160520792346
98000 0.06797362917732218
