0 0.4141925483661933
1000 0.40466191023850434
2000 0.3991771696702612
3000 0.4037373418314996
4000 0.39825294436537456
5000 0.3994011941994699
6000 0.3998302039969149
7000 0.3958321742590455
8000 0.4012126046606722
9000 0.3951445240948499
10000 0.39495980771055317
11000 0.3994836909742213
12000 0.3955485156320561
13000 0.3998414577143242
14000 0.3956556240977745
15000 0.3956680449550772
16000 0.4008804685064879
17000 0.40003558762420577
18000 0.3972181208116588
19000 0.39905685468817603
20000 0.3955578314472215
21000 0.3972278589140234
22000 0.39832085924074434
23000 0.39674346560557977
24000 0.3973632369582173
25000 0.39754770454541544
26000 0.39317406146704004
27000 0.39255639703446477
28000 0.3961635301862519
29000 0.3985656136937495
30000 0.39578969579913165
31000 0.39488238550729277
32000 0.3981704926541157
33000 0.40057281086213153
34000 0.39451303052078673
35000 0.3942101023995017
36000 0.39355385432172063
37000 0.3952009413227702
38000 0.4010368330057833
39000 0.39105520520656356
40000 0.39458698561732575
41000 0.39878826057639083
42000 0.39688309388932724
43000 0.39719277547179876
44000 0.39316017534861764
45000 0.3947094120418655
46000 0.3980299535603654
47000 0.39560261708271
48000 0.3947331765900991
49000 0.3950775498641007
50000 0.39757773929632123
51000 0.39583114693062554
52000 0.39247162416203674
53000 0.39830916935190286
54000 0.3989649754243568
55000 0.3955389073185379
56000 0.3952351652213037
57000 0.3957755697184322
58000 0.39643700475547633
59000 0.3919004422375147
60000 0.39273705361352407
61000 0.39256117743465097
62000 0.3932907253103805
63000 0.39333321733602683
64000 0.39578565149735523
65000 0.3982490109512378
66000 0.39432413256449567
67000 0.39937890313872215
68000 0.3900324736703417
69000 0.39074747315302427
70000 0.3998477903450625
71000 0.39689717654610646
72000 0.39214772818394317
73000 0.3958859335935567
74000 0.4019033600221588
75000 0.39609068995975505
76000 0.39811267307845777
77000 0.3906437652606148
78000 0.3957237311528039
79000 0.3928084284772575
80000 0.39468313538540656
81000 0.3905685666941164
82000 0.39853464621235224
83000 0.39925299453232627
84000 0.4017267303414097
85000 0.3938325325116665
86000 0.39145998610396837
87000 0.3986289351578046
88000 0.39645971108414735
89000 0.3935173571310086
90000 0.39579186204932315
91000 0.4003633614610224
92000 0.39234439243374225
93000 0.3901638849483632
94000 0.39431362065959896
95000 0.3952210046956734
96000 0.39345472337057946
97000 0.3956209710369364
98000 0.39818573258388523
