0 0.22181434954099177
1000 0.20483337374029695
2000 0.18934525315857814
3000 0.17873655960532975
4000 0.1760801587254209
5000 0.17254516497441785
6000 0.17186288399552105
7000 0.17223706894362792
8000 0.1671747224116199
9000 0.1662173278154548
10000 0.16661834837616454
11000 0.16151135027408905
12000 0.16817357520473078
13000 0.1664096329422794
14000 0.16564836542301628
15000 0.16753948280431166
16000 0.16579540969024592
17000 0.1654421547893183
18000 0.16366892450851
19000 0.1677839148209723
20000 0.1635703230443537
21000 0.1663468424191511
22000 0.16471251785235647
23000 0.166399919758449
24000 0.16401271491637778
25000 0.1635231688244855
26000 0.16478570486764985
27000 0.16204716014076553
28000 0.1671008867533645
29000 0.1639695168050402
30000 0.16352900644571114
31000 0.16386850034744543
32000 0.16138189550803425
33000 0.16064692635157735
34000 0.1641907006352086
35000 0.16418354496861837
36000 0.16519265359750832
37000 0.1652203396357552
38000 0.1641409713794142
39000 0.1614877836548188
40000 0.1639857410576799
41000 0.16355914784720615
42000 0.1627384007962952
43000 0.16258778953793362
44000 0.16510919420406756
45000 0.1627739354224776
46000 0.1633414163798265
47000 0.16362681871636295
48000 0.16659097975026005
49000 0.16261168666306575
50000 0.1648497488466331
51000 0.1625045991103426
52000 0.1618521819941968
53000 0.16416328212534778
54000 0.16126484852097694
55000 0.1642488398333358
56000 0.1650972753100815
57000 0.1621174513207525
58000 0.1634093479489422
59000 0.1626568764211333
60000 0.1638847452269416
61000 0.1584539355170678
62000 0.16316846289414266
63000 0.16184722615518946
64000 0.1627289849590568
65000 0.16307575612410297
66000 0.16176747560124063
67000 0.1658421030693349
68000 0.1591503432434174
69000 0.16249600970008551
70000 0.16425637441697227
71000 0.1635155346169851
72000 0.16083980841394244
73000 0.1633547737045041
74000 0.15894039832683082
75000 0.15995738188202308
76000 0.16466395109065995
77000 0.1650710002023355
78000 0.1680024619465855
79000 0.1620898719412347
80000 0.1629489533675177
81000 0.164210597008575
82000 0.16360801050995857
83000 0.1649444496649169
84000 0.16486414572349645
85000 0.16353572089903834
86000 0.16633200711316373
87000 0.16400461748871792
88000 0.1642971353407391
89000 0.16152460497621257
90000 0.16247096277163806
91000 0.1609004240490952
92000 0.16426986126349288
93000 0.1620098181303854
94000 0.1653206572119271
95000 0.16330718916428302
96000 0.165206318143248
97000 0.1591223442697113
98000 0.1634809769502185
