0 0.3714252256923667
1000 0.35817676340780524
2000 0.35110113441322843
3000 0.34394546637769463
4000 0.340880735036168
5000 0.33467493311499824
6000 0.3307581305227086
7000 0.3298704004507546
8000 0.32754433754355267
9000 0.32672281774350365
10000 0.32037996051499873
11000 0.32499456780049973
12000 0.32413983122114837
13000 0.32136983059974256
14000 0.3204704377555111
15000 0.3146832630849098
16000 0.31824723712621583
17000 0.3209141229063941
18000 0.3157934419476888
19000 0.32120977984493265
20000 0.3162093593037561
21000 0.3189261895353509
22000 0.3188784614450081
23000 0.3196846889908631
24000 0.3179999095753689
25000 0.31860579872422984
26000 0.3220860154757838
27000 0.3158028616227322
28000 0.3182546829709027
29000 0.31579965363255125
30000 0.32124413264480517
31000 0.31990167695173083
32000 0.317802372445463
33000 0.3172917595524106
34000 0.31809601922448727
35000 0.31906020035711186
36000 0.3185658170373651
37000 0.3200233185608309
38000 0.3172995407333003
39000 0.31737106200100385
40000 0.318609640725222
41000 0.3137390434344125
42000 0.31407721138615896
43000 0.31564876290415067
44000 0.31381718676006765
45000 0.3182009515401014
46000 0.3191557838124534
47000 0.31406281042165657
48000 0.3181058897884487
49000 0.3210360355074072
50000 0.31645850606670733
51000 0.31353066965957216
52000 0.3181365786464061
53000 0.3155882683286283
54000 0.31571045218302063
55000 0.3192580188272256
56000 0.3205049212392968
57000 0.31308087734102164
58000 0.320432068280699
59000 0.3162038064442204
60000 0.31227255633612383
61000 0.31623583121223503
62000 0.31304907143483374
63000 0.3160772906783605
64000 0.30858815028668796
65000 0.3154074736636874
66000 0.31260135023948854
67000 0.3115057814199047
68000 0.31271164494088133
69000 0.3118453621631347
70000 0.31379924893936273
71000 0.3115488876700842
72000 0.31494468953721655
73000 0.31364100470923634
74000 0.3136937900015295
75000 0.31612050422897775
76000 0.3177680707525715
77000 0.30819494921638924
78000 0.3139263190026926
79000 0.3154438663417071
80000 0.3124571835155606
81000 0.3149625020412749
82000 0.311340134758771
83000 0.31523381126206484
84000 0.3116477896544806
85000 0.3147985662708306
86000 0.31593599757237245
87000 0.3114111388611713
88000 0.31685338783492956
89000 0.3086278207130333
90000 0.30883833794927645
91000 0.3057830135518589
92000 0.3099842406764239
93000 0.31268580123052814
94000 0.3123441120571778
95000 0.3128390751776483
96000 0.30948410813249244
97000 0.31092909194006224
98000 0.3083229385405022
