0 0.3940770822836372
1000 0.3792998381318275
2000 0.38179537104128075
3000 0.37995987769583595
4000 0.3750608791030095
5000 0.3730304463448945
6000 0.37372700246916596
7000 0.36846040345136577
8000 0.368951985883044
9000 0.3699109999178767
10000 0.3680994447989056
11000 0.3711089770414102
12000 0.36980866924607425
13000 0.36589961768385415
14000 0.37112092449042466
15000 0.3641865252497956
16000 0.3676727278464569
17000 0.3686233086055368
18000 0.3626241454312318
19000 0.3662332912381812
20000 0.3662202711088389
21000 0.3663484750519705
22000 0.37021277675284286
23000 0.3691528818582408
24000 0.36542134645618973
25000 0.36470345461470055
26000 0.36281303744313287
27000 0.3682961703236365
28000 0.3673342785920301
29000 0.3684243002857251
30000 0.36868511351233785
31000 0.3659931133340493
32000 0.3671450670835072
33000 0.36525169461675744
34000 0.36577539556240213
35000 0.3658411525912221
36000 0.37210558986259606
37000 0.3641113989803191
38000 0.36333236811533126
39000 0.3701527533650277
40000 0.370553169720013
41000 0.36490203393892584
42000 0.37027279442967936
43000 0.3635903237246948
44000 0.3678855700268732
45000 0.3715163483532372
46000 0.3681404031199814
47000 0.36679170238652437
48000 0.36405487776327605
49000 0.3660695820044031
50000 0.3672297013822908
51000 0.36563449664901926
52000 0.3668560245123677
53000 0.3661688048338226
54000 0.367426242019834
55000 0.3710521808053995
56000 0.3635308576933724
57000 0.3656154019899461
58000 0.3662788935355393
59000 0.366949839204554
60000 0.36584885290374997
61000 0.3654719278919847
62000 0.3620413131815771
63000 0.3646418334364857
64000 0.36551592595404514
65000 0.3673789677808946
66000 0.3630179361926774
67000 0.36861121209918524
68000 0.36782312300063097
69000 0.35852234281068585
70000 0.36645023215272793
71000 0.3647099307535794
72000 0.3654260160368425
73000 0.36314289326491567
74000 0.3664322434709863
75000 0.3641279155427407
76000 0.36340401884172485
77000 0.3653778565639349
78000 0.36366145114470505
79000 0.365123187307828
80000 0.3608956852788799
81000 0.35932542855313093
82000 0.36616987301708503
83000 0.36722369841412084
84000 0.36303760187179357
85000 0.3661920435468109
86000 0.3594409709451643
87000 0.3636725436582388
88000 0.3651130193740819
89000 0.361955305764683
90000 0.364342944769458
91000 0.36084105086035323
92000 0.3669767495112346
93000 0.36532475111154
94000 0.36719893851709573
95000 0.3684523115654745
96000 0.3657445710933952
97000 0.3662844641263617
98000 0.36059025467179184
