0 0.2827367342065476
1000 0.2710504744047635
2000 0.2507419390834294
3000 0.24753359375381379
4000 0.2364969358035208
5000 0.23462203379925967
6000 0.22648710467471692
7000 0.2283263054967723
8000 0.21888366953092425
9000 0.22101676095838332
10000 0.21829795564023008
11000 0.21498239225907864
12000 0.20969145198820768
13000 0.2112030381217268
14000 0.20213368117834776
15000 0.20559620874976559
16000 0.2065100636498693
17000 0.20102013742188013
18000 0.19936426060765047
19000 0.1969722998567138
20000 0.19620853527369456
21000 0.19735992288765097
22000 0.19448625441683234
23000 0.19448313925729002
24000 0.1915903543175273
25000 0.18968035145954854
26000 0.18771797772241214
27000 0.187076048257398
28000 0.18699298949681342
29000 0.18168267479842062
30000 0.18798789874606622
31000 0.18251292872038746
32000 0.18134149977169414
33000 0.17951182779289684
34000 0.17523435941564114
35000 0.17691521633956783
36000 0.17517467877534096
37000 0.1724292880327779
38000 0.17147472330671007
39000 0.17449723670416195
40000 0.17060478849121088
41000 0.1711825729065217
42000 0.17073301705640712
43000 0.1719395795133187
44000 0.16735886117358378
45000 0.16852154695245844
46000 0.1660742059308005
47000 0.1650465389005749
48000 0.1653161241592787
49000 0.1666345930150765
50000 0.16489766105690706
51000 0.1622018176975153
52000 0.1607145114964647
53000 0.1610598293884076
54000 0.15762255110903625
55000 0.15891356997095987
56000 0.15805621599079872
57000 0.1570096629386178
58000 0.15793581976298565
59000 0.15385338640324087
60000 0.15428265926374887
61000 0.15631194929149334
62000 0.15430875046705267
63000 0.1541760692380593
64000 0.15344977185700018
65000 0.1540793931248228
66000 0.1501185979494678
67000 0.1553352054763177
68000 0.1489373061278571
69000 0.15035408719703372
70000 0.14637332020725527
71000 0.1485033904939942
72000 0.14648672073084376
73000 0.14341795634207335
74000 0.14471594550326658
75000 0.14571882771833738
76000 0.14414380135338178
77000 0.14602887153374283
78000 0.14504061828003673
79000 0.1421407102182056
80000 0.14361312443087704
81000 0.14312690027049577
82000 0.14293358864702613
83000 0.1420960368601105
84000 0.14083506883234756
85000 0.14243855973283018
86000 0.1403627187011898
87000 0.14118382654228362
88000 0.13839107658097638
89000 0.1375718926152615
90000 0.1372237592614527
91000 0.1385347641947381
92000 0.13667500139442063
93000 0.13838548615080462
94000 0.13622313681485854
95000 0.13566451613555974
96000 0.13770439373937637
97000 0.13541565839345762
98000 0.135079843997698
