0 0.34765272538516745
1000 0.3245471213296375
2000 0.3000987931476371
3000 0.2873342003287496
4000 0.27628464261845986
5000 0.27142889818428007
6000 0.26480331734543483
7000 0.261131173447383
8000 0.25498443360562967
9000 0.250172571053972
10000 0.25266068204761916
11000 0.24918381770043943
12000 0.2454483086011612
13000 0.2480818545117284
14000 0.23924066197159402
15000 0.2439824367486831
16000 0.24075958901793826
17000 0.24235644706858775
18000 0.2374976864695365
19000 0.24370792928129068
20000 0.24101295088334054
21000 0.23560262360939244
22000 0.23679695617035665
23000 0.23955786715548671
24000 0.23754358491222557
25000 0.23786248789354258
26000 0.23913041984539646
27000 0.23773189873092995
28000 0.2405614665826506
29000 0.2364781235520539
30000 0.2365447595479992
31000 0.23572209159386412
32000 0.23309941278735075
33000 0.2359524099261926
34000 0.23540968039596283
35000 0.23542195272871763
36000 0.23646242204212864
37000 0.23496653586465363
38000 0.2344335556205383
39000 0.23278272635296873
40000 0.2387403842626921
41000 0.23584784205956263
42000 0.23574074511135623
43000 0.2346584200434183
44000 0.23374113078598724
45000 0.23635159809741094
46000 0.2345013666497387
47000 0.23341627955245098
48000 0.23191374956596075
49000 0.23550373645777384
50000 0.2321232152807933
51000 0.2390034881018642
52000 0.2311849965613515
53000 0.23621277236360172
54000 0.23409073680751152
55000 0.23118843682740972
56000 0.23592415942063194
57000 0.23768217124752664
58000 0.23209689153510144
59000 0.23765948755162974
60000 0.23613860449366064
61000 0.2331122060840875
62000 0.23343771581417883
63000 0.23700314671364978
64000 0.2383900934910135
65000 0.2375854435499616
66000 0.23745289314553514
67000 0.23612346924511718
68000 0.23466237111176447
69000 0.2331364270454527
70000 0.2350699931592789
71000 0.23839098674586542
72000 0.23924648737844165
73000 0.23588782661067395
74000 0.2368860387367262
75000 0.23579096621867482
76000 0.23468424722135148
77000 0.2306536103203401
78000 0.23712346376290305
79000 0.23652153281065133
80000 0.2342138550723347
81000 0.23780890261080637
82000 0.23330571553640833
83000 0.23600888611546764
84000 0.23372434121129995
85000 0.23461468117520443
86000 0.23863072426204748
87000 0.2393348903756283
88000 0.23233431836928528
89000 0.2370846267894497
90000 0.2333360154257316
91000 0.23433915210550907
92000 0.23053608574243722
93000 0.23435971406290704
94000 0.23618148596935565
95000 0.23421196645038297
96000 0.23329279269928524
97000 0.23319451952068238
98000 0.23303998493665076
