0 0.18528153511307324
1000 0.11774711144441133
2000 0.09727387667770401
3000 0.08561793442007724
4000 0.08134101360233253
5000 0.07714155198497374
6000 0.07256171104319142
7000 0.07187192439428824
8000 0.06752995606786986
9000 0.06772584008008618
10000 0.06548303302611931
11000 0.06507730743136729
12000 0.06403653348989977
13000 0.0634745831462796
14000 0.0637598903574574
15000 0.0618847208034558
16000 0.061410793273341466
17000 0.060639603560274896
18000 0.06142382873940318
19000 0.060796120264033755
20000 0.059214260844550226
21000 0.06018521243535883
22000 0.060931950992359
23000 0.058933811897656924
24000 0.05900999604976339
25000 0.05994620949339807
26000 0.05782258015357562
27000 0.05884589912902147
28000 0.058170765070213584
29000 0.05683400734356205
30000 0.05769298885871685
31000 0.05731580396074362
32000 0.057808151933503964
33000 0.05645504976010828
34000 0.056776483317884485
35000 0.057218330124368305
36000 0.05837511910050022
37000 0.05566973220928384
38000 0.0576172737427852
39000 0.0568085637914749
40000 0.05621323288071747
41000 0.0561323867090887
42000 0.056784066845514375
43000 0.05606555278173245
44000 0.05769635542042388
45000 0.05629219997561231
46000 0.05589213527275216
47000 0.055799745662874545
48000 0.05592091931471444
49000 0.05428767125965277
50000 0.056590250225709564
51000 0.05559511126368347
52000 0.055827325631382305
53000 0.05534230297856242
54000 0.05572688180481479
55000 0.05611861893456878
56000 0.05553744116655565
57000 0.05504817076539631
58000 0.05566390817536908
59000 0.05500552617663504
60000 0.05438594484948262
61000 0.05397372210188603
62000 0.05679890547630784
63000 0.054877103389068725
64000 0.055228797182610194
65000 0.05517616433033897
66000 0.0547511252765652
67000 0.05471976220087832
68000 0.05531251668600407
69000 0.054440370467620854
70000 0.05481917449856514
71000 0.0542306407943569
72000 0.055006515723942974
73000 0.05508849912654413
74000 0.0560138237997139
75000 0.05384164129501622
76000 0.055188976490453144
77000 0.05496970345696437
78000 0.05375173642172526
79000 0.0555886985945047
80000 0.05507030219975412
81000 0.054505436201346916
82000 0.05435607288633057
83000 0.055147151005719264
84000 0.052952206661909626
85000 0.05462397470384493
86000 0.054862378341192175
87000 0.053837491104238605
88000 0.05528865188305046
89000 0.05355776845190618
90000 0.053970455660283356
91000 0.05336972492941581
92000 0.05369043278459215
93000 0.053630989708256104
94000 0.052974507116600726
95000 0.05496660845792376
96000 0.0552137396246732
97000 0.053821795254948436
98000 0.055077726322203195
