0 0.18314413196583662
1000 0.12070439009397604
2000 0.09900762585845825
3000 0.08827268263044952
4000 0.08087046003657118
5000 0.07815646747846808
6000 0.07428521713636095
7000 0.07235016855857039
8000 0.06811027737349049
9000 0.06851592229413464
10000 0.06704853674373001
11000 0.06653698816836016
12000 0.06535793673417258
13000 0.0628056737877958
14000 0.06188647908896067
15000 0.061782941984571516
16000 0.06196376029115184
17000 0.060918427871507363
18000 0.062159334254409976
19000 0.06255093370942501
20000 0.06026099680303257
21000 0.0598462730698173
22000 0.058971939767898156
23000 0.059454831070691175
24000 0.059528356405980996
25000 0.05743039471782008
26000 0.05824016027536571
27000 0.057673195405019646
28000 0.05681867740389876
29000 0.05611671275354542
30000 0.05839176542115579
31000 0.05761311886136291
32000 0.058010296963020236
33000 0.05685271296512253
34000 0.05657577695928919
35000 0.05686507616221885
36000 0.05651426683604735
37000 0.05771978403988432
38000 0.05570632264661872
39000 0.0558521143398098
40000 0.05708548463178281
41000 0.056398547311131024
42000 0.0567231917923988
43000 0.05612515065811675
44000 0.05587965496252444
45000 0.05592021113925487
46000 0.05612626651689551
47000 0.0561161368801327
48000 0.05545570752225304
49000 0.05495491003514569
50000 0.05503337025088178
51000 0.05592452210062736
52000 0.055755012741214235
53000 0.05636361652527626
54000 0.05523787521374104
55000 0.05513947308339686
56000 0.05497719444029518
57000 0.056352669716132
58000 0.05509665310946485
59000 0.0549321279563413
60000 0.05568392865102445
61000 0.055994258978725904
62000 0.05460743667380592
63000 0.0550318086050648
64000 0.05411187817291467
65000 0.054616715979786415
66000 0.055366947292639565
67000 0.05563029396402637
68000 0.054969077311657816
69000 0.05426086596490852
70000 0.055351283921774616
71000 0.054434744722085024
72000 0.05513750256801517
73000 0.05488977589702774
74000 0.05356748030084423
75000 0.05378699240863361
76000 0.05449401508749908
77000 0.05460961147415223
78000 0.05354436894952366
79000 0.05535542292322213
80000 0.05471223609461255
81000 0.05356297281887703
82000 0.05516692247890921
83000 0.05484817828186576
84000 0.05370299130339468
85000 0.054840254971259966
86000 0.05435111271793216
87000 0.05449267847724542
88000 0.05516369507549083
89000 0.05395796257146305
90000 0.05507844924224876
91000 0.05311892644494336
92000 0.05451388761255653
93000 0.05465100161055753
94000 0.05397127807910999
95000 0.05470286503946292
96000 0.05380436830396593
97000 0.05466967877286635
98000 0.05606478849563162
