0 0.23973827493509714
1000 0.18162460920282622
2000 0.15094235558601224
3000 0.13455430671170945
4000 0.12225754999018681
5000 0.11209587316889039
6000 0.10627537756445486
7000 0.09904996255088892
8000 0.09501898994779998
9000 0.09214232300101771
10000 0.09059648978552373
11000 0.0873455303144202
12000 0.08384367818688743
13000 0.08281109044864678
14000 0.08155329819998083
15000 0.07953434193219648
16000 0.07799719881978773
17000 0.07880818818958878
18000 0.07729768531826153
19000 0.07478147028277302
20000 0.0744292776861725
21000 0.07404802056919008
22000 0.07249321834005604
23000 0.07298826235003551
24000 0.07169287496515594
25000 0.07198169808287819
26000 0.07123351371210541
27000 0.06968756989555967
28000 0.0697729852405771
29000 0.06781496892230227
30000 0.06743990390153333
31000 0.06779422317640389
32000 0.06819989827425231
33000 0.06702355906848893
34000 0.06906847306876107
35000 0.06751234340162332
36000 0.06682068134284369
37000 0.06651388149418101
38000 0.06655693303597646
39000 0.06544400485752411
40000 0.06523007688116868
41000 0.06476336977299497
42000 0.06588393611459872
43000 0.06531735776724003
44000 0.06557467504494957
45000 0.06443942344987762
46000 0.06401777567691974
47000 0.0639625088550036
48000 0.0642497361689284
49000 0.062668923343283
50000 0.06217795171181405
51000 0.0647400673374122
52000 0.06260477286942119
53000 0.06492824576353863
54000 0.06219788044276633
55000 0.06355136581505025
56000 0.06081329454667629
57000 0.061729191073754484
58000 0.060911212462932234
59000 0.062013480250674144
60000 0.06147434985696409
61000 0.06231765341790549
62000 0.06257351035749824
63000 0.06100931403439769
64000 0.061566300091103726
65000 0.06198413029654581
66000 0.060756542084316204
67000 0.060215893537234395
68000 0.05934289927770724
69000 0.061513109826183514
70000 0.06029641201638665
71000 0.06108767997891475
72000 0.05931312175646246
73000 0.06028617416612175
74000 0.05829106128522499
75000 0.059156419530906244
76000 0.05949728144195858
77000 0.05930112279766766
78000 0.059964509061303496
79000 0.060250079718851456
80000 0.059793181863322074
81000 0.05934241167347689
82000 0.06144419729887072
83000 0.05973089998395513
84000 0.05998656622673844
85000 0.060243985207585456
86000 0.06091168092295125
87000 0.059236289447131316
88000 0.05772963597390544
89000 0.05826360812184097
90000 0.05934761449393697
91000 0.05954420508968754
92000 0.058609906261505314
93000 0.05985407048050894
94000 0.05891701680130109
95000 0.05911748400499879
96000 0.060206698200781464
97000 0.05862972427240869
98000 0.05705975972316382
