0 0.3649102556547099
1000 0.36719584351920304
2000 0.35692231500472227
3000 0.3590545013198085
4000 0.3625754901467162
5000 0.3577290950040461
6000 0.36290172217445515
7000 0.35606016532836793
8000 0.3552367136590636
9000 0.35757530014615413
10000 0.3576893388735728
11000 0.35384543333875995
12000 0.35350704218552836
13000 0.35900652377590325
14000 0.35660831618139466
15000 0.3529748015402342
16000 0.35553921813483474
17000 0.35857258423065763
18000 0.3566823648201681
19000 0.3558502298109341
20000 0.3516703392756241
21000 0.35442332495612516
22000 0.34703702694140637
23000 0.3533042341012542
24000 0.35028729874956954
25000 0.3578536711329303
26000 0.357378135137148
27000 0.35458651527470025
28000 0.3529034546947055
29000 0.35337805914514825
30000 0.35035084369782277
31000 0.346880917680053
32000 0.3497712549192243
33000 0.34774067936148695
34000 0.35043919325599954
35000 0.34652529594796067
36000 0.3522757871992254
37000 0.3445353114231973
38000 0.3504069428256939
39000 0.34686386612419634
40000 0.3495387571621208
41000 0.34924974704664563
42000 0.3491066005666644
43000 0.34504478352721696
44000 0.3466022156523737
45000 0.3454110522886094
46000 0.3483870222466917
47000 0.34572263660530117
48000 0.34663300776421957
49000 0.3421601865584756
50000 0.3469546687111174
51000 0.34819103272930446
52000 0.3478146978584535
53000 0.3476861230263973
54000 0.3441197264135707
55000 0.34201366330867344
56000 0.3410552896748977
57000 0.3438152468049917
58000 0.33931974413380817
59000 0.34171743462099835
60000 0.34451677512623524
61000 0.3375426407436363
62000 0.3423791635635701
63000 0.3428169706317236
64000 0.3405519313574705
65000 0.34078296929282587
66000 0.3376380480108165
67000 0.3407508073278352
68000 0.33824562700108907
69000 0.3372085883374299
70000 0.33997014487262045
71000 0.33895231189890324
72000 0.33924082565667374
73000 0.34290900165542415
74000 0.34299654143780217
75000 0.34277262203636094
76000 0.3379911445756976
77000 0.3344875904770812
78000 0.3390486151950769
79000 0.332093554077197
80000 0.33166052924881845
81000 0.33238710752613704
82000 0.334586313604588
83000 0.3359775152720294
84000 0.33561585386909343
85000 0.3309545343409725
86000 0.3347501115199094
87000 0.3334921775200862
88000 0.3342346021159498
89000 0.33424508161483507
90000 0.3274784288097775
91000 0.3389274928302893
92000 0.3326334669745172
93000 0.33183804519547955
94000 0.3365277997617113
95000 0.33936296967952573
96000 0.3312695426000199
97000 0.3260560043149478
98000 0.332826003980294
