0 0.2824909986249183
1000 0.26745592229728865
2000 0.2555694381056037
3000 0.2476336966180965
4000 0.23916791155425177
5000 0.22961703881500933
6000 0.22088960584653689
7000 0.22165006479276733
8000 0.21316942028195013
9000 0.2073100465082371
10000 0.19932820116552866
11000 0.19461688743529504
12000 0.19137861632245237
13000 0.18823271904975938
14000 0.18260522377462976
15000 0.17928079510747658
16000 0.17402147119820058
17000 0.17060703895044832
18000 0.16808173721993255
19000 0.16712457303196404
20000 0.16244731087072664
21000 0.1602649125624209
22000 0.16208569068503556
23000 0.15675719990189496
24000 0.15565355528212332
25000 0.152765879269862
26000 0.1528717069133022
27000 0.14920701869829447
28000 0.14794243698608908
29000 0.1472222896263065
30000 0.14476397962335835
31000 0.1446260013823718
32000 0.13799914391025625
33000 0.14030314359316637
34000 0.1363148053340677
35000 0.13463316959167107
36000 0.13311264061561062
37000 0.13454956785022662
38000 0.1323147311237239
39000 0.1304566618102914
40000 0.1306706050112617
41000 0.12745546468787106
42000 0.1278442509652362
43000 0.12562663631776422
44000 0.12536950037659048
45000 0.1233790396688867
46000 0.1216963827006642
47000 0.12337970093653766
48000 0.11908765020997723
49000 0.11977534340308285
50000 0.11651915278483722
51000 0.11839842569508158
52000 0.11898473817174166
53000 0.11620070399621563
54000 0.11855573667749648
55000 0.11537585273510435
56000 0.11608778434530014
57000 0.11461804754741517
58000 0.11518856727055928
59000 0.11311246500926263
60000 0.1116946650420626
61000 0.10981902010074972
62000 0.10944707038572249
63000 0.11101538211213365
64000 0.10915906242362017
65000 0.1094859999467395
66000 0.10658839351831643
67000 0.10803007175181457
68000 0.10803079016225273
69000 0.10871928242666823
70000 0.1085829793580694
71000 0.10591185535889965
72000 0.1053366305158359
73000 0.10440999359517832
74000 0.10415187354791806
75000 0.10529340275084348
76000 0.10226170351931639
77000 0.1022230778069058
78000 0.10314780652787318
79000 0.10129039489489275
80000 0.10372465347810014
81000 0.10141534727894282
82000 0.09977405076883697
83000 0.10214635357910189
84000 0.09898183637359263
85000 0.09901391472186129
86000 0.10002737876108281
87000 0.0977021648888104
88000 0.10165386975583982
89000 0.09933632318211874
90000 0.09972621513367949
91000 0.09987151491374108
92000 0.09982056665377337
93000 0.09742555656969171
94000 0.09842390512664893
95000 0.09955759684542045
96000 0.09805019586285021
97000 0.09694790912702839
98000 0.0966803282418876
