0 0.27748213173485764
1000 0.26482205495379313
2000 0.2549614141090848
3000 0.24731939311280435
4000 0.23456186076293772
5000 0.22840779806155417
6000 0.2215504774562068
7000 0.21502625444321052
8000 0.20982645982710882
9000 0.20417477399083825
10000 0.19908205171704704
11000 0.19430700969002962
12000 0.1888272882158783
13000 0.18647549574614458
14000 0.18492030131973422
15000 0.17938334064582148
16000 0.174460828685067
17000 0.1706811833929021
18000 0.1683298814198862
19000 0.16287402212211416
20000 0.16265546600173805
21000 0.15862567671611494
22000 0.15614542831155542
23000 0.15412532197023532
24000 0.15462971260628303
25000 0.14952936819413998
26000 0.14914091649134636
27000 0.1484737058887932
28000 0.14710612378636095
29000 0.14132614191454226
30000 0.13835218467383018
31000 0.13843821877702311
32000 0.1373633514773376
33000 0.13687867734460077
34000 0.13713581319799517
35000 0.1317655790433512
36000 0.1311705583595632
37000 0.130157402692909
38000 0.13074356702557322
39000 0.12690891208493346
40000 0.1279088660268245
41000 0.1261848175549513
42000 0.12564785836655729
43000 0.12262575668666291
44000 0.12390948042644019
45000 0.12070164438485968
46000 0.12178894312844925
47000 0.1203676819466532
48000 0.11998330098413071
49000 0.11859907795977147
50000 0.11790993272010777
51000 0.11530273871720148
52000 0.11633652545170234
53000 0.11449473742777938
54000 0.11318489013790792
55000 0.11281134121681707
56000 0.11218124439758621
57000 0.11080155134505781
58000 0.11211767475596854
59000 0.10885888913573387
60000 0.11496178323391126
61000 0.10918607344348162
62000 0.10693378912874542
63000 0.10574379142114924
64000 0.10769529908375745
65000 0.10615889906634562
66000 0.10806893915490967
67000 0.10514533157620583
68000 0.10588933829702735
69000 0.10481773758144543
70000 0.10197006888263954
71000 0.10339626640631176
72000 0.10463055098146064
73000 0.10232937510286126
74000 0.10307546651771553
75000 0.10282264755795924
76000 0.10370829145636781
77000 0.09955479884418846
78000 0.10105219968190625
79000 0.0999548610911138
80000 0.09995430225591226
81000 0.09912065811815865
82000 0.09870102245463754
83000 0.0985873363263276
84000 0.09771640649768534
85000 0.09655650786565254
86000 0.09772244896271355
87000 0.09543137350543647
88000 0.09348895188835041
89000 0.09599428083568322
90000 0.0983097288300091
91000 0.09751361096310644
92000 0.09694466778931467
93000 0.09529848107803694
94000 0.09552381392022546
95000 0.094435081419704
96000 0.0952541603440395
97000 0.09431711743707365
98000 0.09330661479254236
