0 0.2668383143797835
1000 0.2420211339333992
2000 0.2227446302806725
3000 0.21028870358822765
4000 0.20588710110561043
5000 0.19123453739352703
6000 0.18747949168640468
7000 0.18583918680807263
8000 0.18209066676405705
9000 0.17740648237513099
10000 0.17816288064754965
11000 0.17831446052719005
12000 0.1769915013061831
13000 0.17362307266987795
14000 0.17124505287541872
15000 0.16979347332303824
16000 0.17271994764494433
17000 0.17436949593444281
18000 0.1699020079235118
19000 0.16494048390703678
20000 0.17044710845443586
21000 0.16766398852023504
22000 0.1715506490038556
23000 0.16498821586891765
24000 0.16764184771053656
25000 0.16704056690944696
26000 0.16642075786814217
27000 0.16524916393689285
28000 0.16372341203093277
29000 0.16421036101743047
30000 0.16606573455305795
31000 0.16533450834563634
32000 0.16327853275992207
33000 0.16518816385162904
34000 0.16287086022926847
35000 0.16266915413448957
36000 0.1627265083780431
37000 0.16189102887472706
38000 0.1635745992440685
39000 0.16342460988889482
40000 0.16028798262455696
41000 0.16139274020382094
42000 0.16343336808835968
43000 0.15991512999483024
44000 0.16150328457844088
45000 0.16218990867652094
46000 0.16350497347679535
47000 0.16057041630866217
48000 0.1596114511069774
49000 0.165222363572786
50000 0.16218809024709965
51000 0.15904949177797925
52000 0.16210339382202693
53000 0.15988841449821278
54000 0.15679678394769453
55000 0.1619342718871081
56000 0.15941739095464608
57000 0.1595219132123985
58000 0.16171036701964636
59000 0.15922401905731914
60000 0.15854697718774757
61000 0.1565982134367181
62000 0.16252990257975847
63000 0.15910788918379096
64000 0.15719196666663732
65000 0.15776129225774585
66000 0.1578010662862556
67000 0.1581050848630971
68000 0.15696862502811404
69000 0.15442309304630586
70000 0.15616998403150598
71000 0.1586896775984793
72000 0.15433143901643476
73000 0.15362763434459661
74000 0.15419435733865483
75000 0.15233109522417
76000 0.15586454898876248
77000 0.15383753765356056
78000 0.15603979823635702
79000 0.1567065056288203
80000 0.15259035480625868
81000 0.15349161923675594
82000 0.1555215258595041
83000 0.1561815224529485
84000 0.1559053780485131
85000 0.15307676551047072
86000 0.15223696637905987
87000 0.15367202528008428
88000 0.15030767223972105
89000 0.1511479254953774
90000 0.15252641764304545
91000 0.15275873618684035
92000 0.1490875525798831
93000 0.14975280898425652
94000 0.15323538337170775
95000 0.15162173719522193
96000 0.15298225423583017
97000 0.15034542157652508
98000 0.14853080273333413
