0 0.18091592730709677
1000 0.11760869369969579
2000 0.09948675361390194
3000 0.08981834630654834
4000 0.07989183017430991
5000 0.07585567110685978
6000 0.07452936764129432
7000 0.07183724454811749
8000 0.06847397679922201
9000 0.06698784044899943
10000 0.06512951456408982
11000 0.06602923224469139
12000 0.06337038486714862
13000 0.06305864230026526
14000 0.06406828261335784
15000 0.06316445570154718
16000 0.06019361071665064
17000 0.06181572851424246
18000 0.06047889693223232
19000 0.06040882309294382
20000 0.060309397475019594
21000 0.05974274587376421
22000 0.05888787614436094
23000 0.05886338663601943
24000 0.05916322785305732
25000 0.05875700776877216
26000 0.05865537500305711
27000 0.05754832180875092
28000 0.05930656846428423
29000 0.05648953282545757
30000 0.057565569127799296
31000 0.058239308171640206
32000 0.058510946394999486
33000 0.05649791910989946
34000 0.057594429232348504
35000 0.05759950180963708
36000 0.05720009771647774
37000 0.057878134237735
38000 0.05610059417572719
39000 0.05645267005794714
40000 0.05720722206518112
41000 0.056698030139248484
42000 0.057577969606118155
43000 0.0560295985559708
44000 0.05571821487120652
45000 0.05468431503088964
46000 0.056761044982247565
47000 0.05594389518024319
48000 0.05614898019560026
49000 0.055630875577633694
50000 0.054556474259889944
51000 0.055517758807720634
52000 0.05459382145302022
53000 0.05637383161088172
54000 0.0555967738960051
55000 0.05603453192094454
56000 0.05550735903778939
57000 0.0555938453406191
58000 0.05524901598636121
59000 0.05451875375890838
60000 0.0544409232002622
61000 0.05473960199152116
62000 0.054766485757396434
63000 0.05567997996383931
64000 0.05542005650273595
65000 0.0553711959164448
66000 0.05510727003181703
67000 0.054198055585927996
68000 0.05528297276608287
69000 0.05484791699137173
70000 0.055448983234590854
71000 0.05415466983548086
72000 0.055737551850944964
73000 0.05513171369326659
74000 0.05591532658540771
75000 0.05514717186961679
76000 0.05410091875197145
77000 0.055877541458803685
78000 0.05351798522843719
79000 0.055090527964847806
80000 0.05432761465785876
81000 0.055533359533807565
82000 0.05482466907994907
83000 0.054143466485352704
84000 0.054328649201919446
85000 0.05531227543446828
86000 0.05461729664323576
87000 0.053693962255240084
88000 0.05518087213000683
89000 0.053228579235423235
90000 0.05479275069221304
91000 0.05439441831388998
92000 0.0540253692669073
93000 0.055051482976368096
94000 0.05380195974363351
95000 0.05442439739309414
96000 0.05355241473965203
97000 0.05538693352663813
98000 0.054456673720477314
