0 0.3916988436024605
1000 0.37982068938306845
2000 0.3779286325842159
3000 0.37304977181622634
4000 0.37135864414622494
5000 0.3748368762494189
6000 0.3702157489552944
7000 0.3657185135340306
8000 0.3618558711821015
9000 0.3630473692086244
10000 0.3653213615388499
11000 0.3637853635864606
12000 0.36788278270058455
13000 0.3629159805676045
14000 0.3615671095581476
15000 0.36447829961075073
16000 0.3592697981843819
17000 0.36478551189763686
18000 0.3586334132657016
19000 0.3613882396835661
20000 0.363027069148063
21000 0.3578709703916825
22000 0.3610240632761944
23000 0.3630446494729962
24000 0.3620721088695853
25000 0.3592520469787212
26000 0.3652884703378665
27000 0.3644242318509233
28000 0.35977397201057776
29000 0.359989156105664
30000 0.3641252362596408
31000 0.3555373065518057
32000 0.36517839280566106
33000 0.3610417887660903
34000 0.3606243883988941
35000 0.3635216410110782
36000 0.3552329746567569
37000 0.3575310501233546
38000 0.35803360375437954
39000 0.36352849468624515
40000 0.358025552279571
41000 0.3635959834284256
42000 0.3620783580639461
43000 0.35865299229967185
44000 0.3583082152807242
45000 0.35438112167005514
46000 0.3575822770324858
47000 0.3530711187887996
48000 0.3635106946554344
49000 0.35712570553163175
50000 0.36345396623953197
51000 0.35596639032142113
52000 0.3576102941895596
53000 0.35681153779217795
54000 0.36115981846934886
55000 0.35741465538021755
56000 0.3544281412746397
57000 0.3576251922884778
58000 0.36041745308406065
59000 0.3548088671848451
60000 0.35377876867984087
61000 0.3563175290672443
62000 0.3563905834037412
63000 0.35696947168116805
64000 0.3527693089649787
65000 0.35671120186723704
66000 0.35704643261292346
67000 0.35455928881902193
68000 0.35455305534174614
69000 0.35766440440345837
70000 0.35260971616982784
71000 0.3582990777020934
72000 0.35800354501914794
73000 0.3536356135057281
74000 0.3570906889693928
75000 0.3495725142614568
76000 0.35857908993327137
77000 0.3535659707580907
78000 0.35228706769590146
79000 0.3540372054918429
80000 0.3543153396864996
81000 0.35281952317752613
82000 0.350931737135248
83000 0.3552163333507722
84000 0.3557787784062424
85000 0.3572397913438441
86000 0.3513803064394753
87000 0.35483982890223176
88000 0.35178526945601
89000 0.35085239197034007
90000 0.3575588019956673
91000 0.36200666851749175
92000 0.35717556324327115
93000 0.3516414472773045
94000 0.35755195874129037
95000 0.35220811425532617
96000 0.35770229012222443
97000 0.3532114449166145
98000 0.35665434821305425
