0 0.29402167078133445
1000 0.2576555341557717
2000 0.22367148175646406
3000 0.21576555039217563
4000 0.2005515070151063
5000 0.19042925119104356
6000 0.18244036903727257
7000 0.17957231375402902
8000 0.1738640398562753
9000 0.17647572334683065
10000 0.16983874817437905
11000 0.16830384128808626
12000 0.17161974219311804
13000 0.16659636912509637
14000 0.16850546610545572
15000 0.16675809831222854
16000 0.16925402226111746
17000 0.16565191580859903
18000 0.16556226508671398
19000 0.16682928078355203
20000 0.16452755718681972
21000 0.1634582063963953
22000 0.16196200086018675
23000 0.16306145083524204
24000 0.16482385105479425
25000 0.16696171076800512
26000 0.16607879939249526
27000 0.16647278994466227
28000 0.16586703710004091
29000 0.16626505796527302
30000 0.16286608326040622
31000 0.16219106486966312
32000 0.16323039720178412
33000 0.16540117881765506
34000 0.16404734955215372
35000 0.1627972532057017
36000 0.1643268543353302
37000 0.16527977086961446
38000 0.1638351778965583
39000 0.1603607871573507
40000 0.16262505785119838
41000 0.1633016619463346
42000 0.16255064350243276
43000 0.16381240300941954
44000 0.16484506188983564
45000 0.1648997980281233
46000 0.16558932782879612
47000 0.1636636208924538
48000 0.1626961850875934
49000 0.16280574649522578
50000 0.16324521600058284
51000 0.16343226469382416
52000 0.1630509343294556
53000 0.16601109723544663
54000 0.16432574852794798
55000 0.1656249567438524
56000 0.16458306770761266
57000 0.16637253234792637
58000 0.16425187124383755
59000 0.1642241757588338
60000 0.1622613818203353
61000 0.16402767734115475
62000 0.1627647998426195
63000 0.1656899661824774
64000 0.1633324281150292
65000 0.16385740887945455
66000 0.16554896864331906
67000 0.16426596230199764
68000 0.1626851235233309
69000 0.16334437487055342
70000 0.16487051423570215
71000 0.1657309268506717
72000 0.16397096253654136
73000 0.16325606816336363
74000 0.1651499263484832
75000 0.16173190722672118
76000 0.16318031556244394
77000 0.164313188406276
78000 0.1635940799505663
79000 0.16589794203992497
80000 0.16476954610278266
81000 0.16363768549276744
82000 0.16450691669982626
83000 0.16333477515968498
84000 0.16592093778913777
85000 0.16483636224820153
86000 0.1634430875900107
87000 0.16424917076417914
88000 0.1631654346414936
89000 0.15914903126909047
90000 0.1659811347418086
91000 0.1615553119712988
92000 0.16451935236514947
93000 0.1616612815544446
94000 0.16680046570209534
95000 0.16302823725808613
96000 0.16307682187395894
97000 0.16378507873492926
98000 0.16162001085490624
