0 0.29339967162303116
1000 0.28190479504926147
2000 0.2801514165341864
3000 0.2755390414241875
4000 0.2700011240651842
5000 0.26776869632686084
6000 0.2635580005797853
7000 0.2595861098056808
8000 0.2559226637722633
9000 0.25250279073569176
10000 0.25402478439145587
11000 0.24830442466952898
12000 0.24347310348261172
13000 0.24412023330334823
14000 0.23823247606037262
15000 0.238345163121071
16000 0.23018932128126568
17000 0.2310227135336337
18000 0.23343905810933424
19000 0.23113279676618334
20000 0.22624085996124255
21000 0.22469226918250393
22000 0.2209614986970901
23000 0.22028507226616678
24000 0.21282520858490742
25000 0.21288872572118886
26000 0.21594448033158747
27000 0.21086562356489538
28000 0.20979925445243913
29000 0.20933305666443636
30000 0.20527432105677698
31000 0.2067415241470868
32000 0.20539192970887662
33000 0.20103719120625033
34000 0.1997103684745871
35000 0.19761255244654058
36000 0.19737741474766665
37000 0.19355392734045263
38000 0.19616222057714772
39000 0.1963126104100542
40000 0.19351018709501613
41000 0.19205646039239485
42000 0.19038524594217596
43000 0.18992545699627225
44000 0.1895853583847957
45000 0.1880941566010918
46000 0.1828622775554785
47000 0.18455591056958087
48000 0.18262075183034973
49000 0.17899655208478996
50000 0.18075483525326397
51000 0.1789079323801022
52000 0.17939587794988512
53000 0.1784950151026922
54000 0.17882454480950397
55000 0.17694410428063606
56000 0.1769938664724916
57000 0.17686188568376157
58000 0.1741482210177275
59000 0.1755375165599576
60000 0.17411326088546622
61000 0.16700543227765746
62000 0.1683517770445805
63000 0.1680560516744455
64000 0.16944326673095783
65000 0.16918626145222504
66000 0.16729630984376073
67000 0.162940017797416
68000 0.16227255221878095
69000 0.16334917176947195
70000 0.1629689897718156
71000 0.1634110727610925
72000 0.16210402057335344
73000 0.16342562506864813
74000 0.16194618189543775
75000 0.16275951503724856
76000 0.15750992915820153
77000 0.15839398673742625
78000 0.15659480828103664
79000 0.15799540115086816
80000 0.1567834788301597
81000 0.15291341628915028
82000 0.15703447040776985
83000 0.15575828452100848
84000 0.1556899925713716
85000 0.1538963284325264
86000 0.15423772251846818
87000 0.15376526707574834
88000 0.15385344727895858
89000 0.1494837124313565
90000 0.15290836782907688
91000 0.15190558972679727
92000 0.14961205737521976
93000 0.1470521229026571
94000 0.1498331989082301
95000 0.1472950913360633
96000 0.14825132184979684
97000 0.14809376911217054
98000 0.1442112380851714
