0 0.1901649479996327
1000 0.11814704628685442
2000 0.09858790235801507
3000 0.0883595333124389
4000 0.08252803300285866
5000 0.07672292188423088
6000 0.07410757794321382
7000 0.07055702402124321
8000 0.07015175778740487
9000 0.06782906057540522
10000 0.06619591366479648
11000 0.06574502708150295
12000 0.06503243429464876
13000 0.06472556065393881
14000 0.06216236528936681
15000 0.06240101979471821
16000 0.062418483522559895
17000 0.0625093307887394
18000 0.06111503247574863
19000 0.05972244927864585
20000 0.06034624644545668
21000 0.060387316488000845
22000 0.06036795742221159
23000 0.058724571175106204
24000 0.05830303317174604
25000 0.05837523608390092
26000 0.05798640685238911
27000 0.05979644874293524
28000 0.05817329169203212
29000 0.05908616548853083
30000 0.059105987173677016
31000 0.05858719210087582
32000 0.058019816194464696
33000 0.05831277953220014
34000 0.057524205726425685
35000 0.05715776098512082
36000 0.05714608157396808
37000 0.058169211455760365
38000 0.057500006120566154
39000 0.05714689747816863
40000 0.05483676949571996
41000 0.05600913784727849
42000 0.05741363597913565
43000 0.05709940324987251
44000 0.05595383901250267
45000 0.05485231347383983
46000 0.05589188160995022
47000 0.05652056832409109
48000 0.055270667380023265
49000 0.05497125874093774
50000 0.0557694762233277
51000 0.056871810170253584
52000 0.05593825690054634
53000 0.05475866052308729
54000 0.05519868329229499
55000 0.055331274928429174
56000 0.05669826070913395
57000 0.05567910133055002
58000 0.05581757039405133
59000 0.054395332350237836
60000 0.05510728720492861
61000 0.056179044893927346
62000 0.05404963704712553
63000 0.055455280200970035
64000 0.05458440580992672
65000 0.05494688655194176
66000 0.05559449737280211
67000 0.05490642571309356
68000 0.05491031726822405
69000 0.05482817284125931
70000 0.05520165202434623
71000 0.05609101925436595
72000 0.054734520276688944
73000 0.05562847004988218
74000 0.05575326177536595
75000 0.0532896884742383
76000 0.05483828120495742
77000 0.05472841857154462
78000 0.055347064354445086
79000 0.05431215750191149
80000 0.05379278297484344
81000 0.055269286478581495
82000 0.055523835356227805
83000 0.055475945421338546
84000 0.05443036567502836
85000 0.054261232113895976
86000 0.054690700684747275
87000 0.05586461794913073
88000 0.05367432133505035
89000 0.054241292617852176
90000 0.055901408062406545
91000 0.054938303924548695
92000 0.0542088115871675
93000 0.05535618299704316
94000 0.05304852151595059
95000 0.05497659455300946
96000 0.05457205819847535
97000 0.056382298599954764
98000 0.0543011409572258
