0 0.409358621695863
1000 0.3886984707728903
2000 0.37867427608415627
3000 0.376087362765934
4000 0.3712752971453229
5000 0.3636562484921104
6000 0.36245941584505625
7000 0.35996497589520304
8000 0.35637583005573714
9000 0.3539368532525938
10000 0.3576038038614407
11000 0.3549109197100853
12000 0.3533740883358294
13000 0.3516274393987736
14000 0.3484977703615457
15000 0.3492185199737466
16000 0.35297745803389086
17000 0.3468779845069691
18000 0.348621360718749
19000 0.3489967826862542
20000 0.3487489647158721
21000 0.3445602247227019
22000 0.3461685362843606
23000 0.3410923983915343
24000 0.3461948500195824
25000 0.3437104961191919
26000 0.3461982256577081
27000 0.34609306066166795
28000 0.3448327666112742
29000 0.3454473819093117
30000 0.34551510986497236
31000 0.34732255791748
32000 0.3481791975660579
33000 0.34920533465663084
34000 0.34286527353266294
35000 0.3454257132963805
36000 0.34453792550740464
37000 0.34692155313331063
38000 0.34568744102472665
39000 0.3439535422540121
40000 0.3450025153310712
41000 0.3442576763008105
42000 0.34661400296729106
43000 0.34259362018187905
44000 0.34253613227375884
45000 0.3437952222120045
46000 0.3436288136803027
47000 0.3468325990444032
48000 0.3442385947339788
49000 0.3383377036609477
50000 0.3424530361491276
51000 0.3446647803271905
52000 0.34304126481790187
53000 0.3427002749474654
54000 0.3436956276023953
55000 0.344924110379149
56000 0.34494777842301777
57000 0.3398222472109277
58000 0.3442288406765483
59000 0.34653237920872415
60000 0.3431479146844556
61000 0.34202053601965404
62000 0.34202239137461277
63000 0.34320783241185276
64000 0.3388459206515501
65000 0.3416587169930665
66000 0.34809206544398363
67000 0.3415346245487891
68000 0.34310573590898413
69000 0.3449833058726485
70000 0.347131123438505
71000 0.3419997462494335
72000 0.3439317816716321
73000 0.3441623546861658
74000 0.3454165279656901
75000 0.34112995803005247
76000 0.34572704506267227
77000 0.3421868895151807
78000 0.3450306837777142
79000 0.3478501416683671
80000 0.34764821897031395
81000 0.346379014144342
82000 0.3451847451829473
83000 0.34242971452271376
84000 0.34459231049352235
85000 0.344513695022203
86000 0.3411768441858931
87000 0.34148686169884424
88000 0.3424731631846361
89000 0.34145283939380505
90000 0.34145010207104387
91000 0.3421639116538118
92000 0.34177956841229934
93000 0.3410539661980809
94000 0.3457548168206223
95000 0.3419174930944701
96000 0.34026068091197004
97000 0.3427685228207341
98000 0.34461504553500577
