0 0.39545601500601146
1000 0.3927656863833873
2000 0.3877887426524946
3000 0.3861611461513491
4000 0.38373217373781204
5000 0.3813901694912172
6000 0.38146209322382574
7000 0.3853963389724455
8000 0.382917079804764
9000 0.3781650202544165
10000 0.38467643546979197
11000 0.3820207348515614
12000 0.38210172398135744
13000 0.3789512335943105
14000 0.38172274274241147
15000 0.3773985513774931
16000 0.38171383589829433
17000 0.3814117974672945
18000 0.37659875831215645
19000 0.37740759297936555
20000 0.3800019797692351
21000 0.38116980463081335
22000 0.3786911836419315
23000 0.3771746340998232
24000 0.3761437714036003
25000 0.37443342748172576
26000 0.37867019402435176
27000 0.37940318474690893
28000 0.37428822598301875
29000 0.3744366603828081
30000 0.381129881612422
31000 0.3764158073749908
32000 0.37967281166145156
33000 0.37988299427514205
34000 0.3796899131175728
35000 0.3756825396599882
36000 0.37419820753865435
37000 0.37596307366594117
38000 0.37692637312763494
39000 0.373891852730622
40000 0.3747377935520874
41000 0.37433123762383674
42000 0.375135469836108
43000 0.375239057535442
44000 0.37165800990637576
45000 0.3734335189606382
46000 0.3771262296708726
47000 0.37721401450776165
48000 0.37380702740395577
49000 0.3820725542521656
50000 0.3758504795344449
51000 0.3757106646069995
52000 0.37122898819922434
53000 0.3772646837667611
54000 0.37413110211615863
55000 0.37140908930993105
56000 0.3745941934775633
57000 0.37195799056974616
58000 0.37458018908388896
59000 0.37235162105886865
60000 0.3738238217439388
61000 0.3722525561625277
62000 0.3736442979674356
63000 0.372065176712241
64000 0.3739779139133749
65000 0.37493633622492517
66000 0.37228944561041155
67000 0.37220563449832883
68000 0.3707158759847624
69000 0.3751293190298237
70000 0.3718914333197926
71000 0.37253846962475046
72000 0.3737497841333843
73000 0.3687098197357448
74000 0.3696933391094461
75000 0.3711982243326344
76000 0.3722305941742258
77000 0.3735091257200024
78000 0.3704658160283043
79000 0.37321111681203745
80000 0.3702907699452883
81000 0.3700389632001989
82000 0.3712319532789383
83000 0.3709658453569525
84000 0.3728638563347815
85000 0.3695649941934376
86000 0.37029706876446866
87000 0.36996995301781516
88000 0.3732432033311557
89000 0.3713624823201151
90000 0.3653638642714416
91000 0.3690136337919773
92000 0.3689391219037003
93000 0.36814172571621134
94000 0.3660323826934105
95000 0.36371703504412184
96000 0.3701098521889594
97000 0.3673208470092326
98000 0.3631776452693658
