0 0.28683474888290983
1000 0.2694103015413748
2000 0.2592084678267383
3000 0.2523845994468543
4000 0.24458796821934972
5000 0.23894095918448952
6000 0.23650435424437868
7000 0.23093443429810795
8000 0.23046580284449472
9000 0.2261837492886427
10000 0.22693472069999338
11000 0.22254101270113008
12000 0.22262114440136682
13000 0.2148140195924088
14000 0.22079071014399557
15000 0.21659893332710886
16000 0.21377745489117717
17000 0.2140106821182101
18000 0.21469343640885005
19000 0.2150210696839322
20000 0.21264488494337383
21000 0.2096430767170022
22000 0.2094613304291346
23000 0.2137428897308972
24000 0.21086058690431575
25000 0.20816573289664483
26000 0.20714203236154075
27000 0.20948182558924724
28000 0.2085736294063294
29000 0.20533047968960716
30000 0.2070748880318487
31000 0.20203295440794572
32000 0.2049243738399932
33000 0.20004942516813384
34000 0.19950104273591593
35000 0.19957193070124127
36000 0.20012489313865914
37000 0.20198530198219128
38000 0.20020161001650558
39000 0.19482532189989876
40000 0.19796624405269417
41000 0.197812588608036
42000 0.1963504796558661
43000 0.19568852937106118
44000 0.19887358964102694
45000 0.19762860723486547
46000 0.19507163679626893
47000 0.19740649458446818
48000 0.1958134252573875
49000 0.19126468739945415
50000 0.1932252910042694
51000 0.19622654267430042
52000 0.19199794647456003
53000 0.1910344314336289
54000 0.18875340860594314
55000 0.18724990495087346
56000 0.18758601422986504
57000 0.19045375054009486
58000 0.18972398369925791
59000 0.19093738944085165
60000 0.18955802251934908
61000 0.18663080054884243
62000 0.1895001669461944
63000 0.18632679342618164
64000 0.18827217160500673
65000 0.18639053166961472
66000 0.1887534922910032
67000 0.18421804279747292
68000 0.18679877306599743
69000 0.1857497748780644
70000 0.18182547684808334
71000 0.1797099283641693
72000 0.1852895678642813
73000 0.1809107899770898
74000 0.1860049425384947
75000 0.1800933767264568
76000 0.18282621195959273
77000 0.18375533314881776
78000 0.1799613279677498
79000 0.17992921823858524
80000 0.18036462795317412
81000 0.18018632078271485
82000 0.17716743777980637
83000 0.1808538035503962
84000 0.1790519585354135
85000 0.17487282693995504
86000 0.1765981611417606
87000 0.17715996249987956
88000 0.1774627115301988
89000 0.1793864396830069
90000 0.17698426687306512
91000 0.17568649848500859
92000 0.17617104312223297
93000 0.17276370753030382
94000 0.17429794925408182
95000 0.17620618126251983
96000 0.17330425278513784
97000 0.17375491965981157
98000 0.1761190992860151
