0 0.23336461274242445
1000 0.17588093219775033
2000 0.1495986964799865
3000 0.12740015901668783
4000 0.12103936792773488
5000 0.11025901340279023
6000 0.1054672928520398
7000 0.09862670405267955
8000 0.09616213870709878
9000 0.09413225266596406
10000 0.09106378475318351
11000 0.08697409336416696
12000 0.08514593744716832
13000 0.08205564008397126
14000 0.08063270305600403
15000 0.07988727888885228
16000 0.07968766304643835
17000 0.0781282151493537
18000 0.07563933417630103
19000 0.0739919855125139
20000 0.07563611626850289
21000 0.07457870516100203
22000 0.07259886721878903
23000 0.07092121072420146
24000 0.07103990666904753
25000 0.07122036681632883
26000 0.07153955314662414
27000 0.06962946315710034
28000 0.0687839941128731
29000 0.0683459720914755
30000 0.06871316894022358
31000 0.0676332104816087
32000 0.06702123419049494
33000 0.06701492171247297
34000 0.06739335278145042
35000 0.0666261844394935
36000 0.06682456062516068
37000 0.06714015159280383
38000 0.06526320009013356
39000 0.06549513817586046
40000 0.06410544182615328
41000 0.06438902894958877
42000 0.06560230278417799
43000 0.06486745665668811
44000 0.06311736373945565
45000 0.0650379688614044
46000 0.06318795588229548
47000 0.06406220811368316
48000 0.06262914092875638
49000 0.06244113240139403
50000 0.06428092916020318
51000 0.06393374365944182
52000 0.06301848026507456
53000 0.0637927111646444
54000 0.06267257273934894
55000 0.06280630201047967
56000 0.06109755141500559
57000 0.06209916755222087
58000 0.06095796567856808
59000 0.062419276541248535
60000 0.060550414689407
61000 0.06087453484986151
62000 0.06044014047418191
63000 0.06055609497746941
64000 0.06027608811561074
65000 0.06075789132704622
66000 0.06043050255876798
67000 0.060424684543153
68000 0.060790370516367286
69000 0.05976416989645955
70000 0.06049044304106516
71000 0.058850958583823526
72000 0.05980410930385425
73000 0.05943898038763524
74000 0.06086777040458574
75000 0.06011272828830431
76000 0.059418516272671314
77000 0.05942198165967967
78000 0.06037772436269298
79000 0.059547920614031566
80000 0.05928770598509019
81000 0.05936071992806335
82000 0.05896325452264028
83000 0.06044156153394628
84000 0.059975147562736024
85000 0.059414923405447954
86000 0.060264477348279055
87000 0.059335904361465845
88000 0.06032096669945286
89000 0.05951747825487681
90000 0.05920651105019079
91000 0.05847316030237465
92000 0.05891958569180575
93000 0.06002993016864627
94000 0.05848858541764778
95000 0.05967639113107872
96000 0.05871669873802835
97000 0.05896156424506909
98000 0.058692395799268916
