0 0.2877369983314202
1000 0.2811671211240129
2000 0.2782102245858999
3000 0.27708055631959716
4000 0.27518281252677007
5000 0.2674473229925519
6000 0.2687187430129798
7000 0.273505003308037
8000 0.2654659292611201
9000 0.2663271082876279
10000 0.26673330321358246
11000 0.26025494489056433
12000 0.26582048441467504
13000 0.25952833662993957
14000 0.26017177152608456
15000 0.2580044804026938
16000 0.2542982624288471
17000 0.25204947428244473
18000 0.25708728624145544
19000 0.25165686292012274
20000 0.2526511033396109
21000 0.24897369645886044
22000 0.24719720028171044
23000 0.24471914702935116
24000 0.2445728243231398
25000 0.24580578286865554
26000 0.24768692236394452
27000 0.239832625163781
28000 0.2434915202426412
29000 0.24242935889230005
30000 0.23689108295945896
31000 0.24136674149068266
32000 0.24060066331232313
33000 0.24000922669952066
34000 0.23802801016465175
35000 0.23573500916816476
36000 0.23465284770711395
37000 0.23507132179856122
38000 0.2321738365723597
39000 0.23013138848159762
40000 0.23223524726318576
41000 0.22943131617887752
42000 0.22833637220969802
43000 0.22848348068487392
44000 0.22746647000192646
45000 0.22767234424979294
46000 0.22667915064468694
47000 0.22627996647019744
48000 0.22380639484485138
49000 0.2226616454236149
50000 0.2225841464365638
51000 0.22341793777404617
52000 0.22153196279206047
53000 0.21728574761504527
54000 0.22019351226291
55000 0.21854351376483472
56000 0.21951197751787352
57000 0.21933727849103252
58000 0.21769287010559218
59000 0.21907140907612058
60000 0.21277680845768898
61000 0.21241272675560008
62000 0.21191566468877915
63000 0.21246491524283034
64000 0.21379474423862252
65000 0.2164115059996486
66000 0.21082159900638564
67000 0.21201918073370346
68000 0.21070357110545412
69000 0.2095449220581504
70000 0.20722320198618957
71000 0.21146770432195738
72000 0.20696206164985592
73000 0.20848474984441265
74000 0.20768058250182098
75000 0.20645542730906885
76000 0.20505267573050548
77000 0.20208876705732876
78000 0.20277065914893247
79000 0.2012537921576079
80000 0.20438513974765993
81000 0.2023576414500328
82000 0.2002421073768951
83000 0.19993644556291623
84000 0.19961920985784876
85000 0.2003429888255036
86000 0.19927398636266072
87000 0.199377856683736
88000 0.1998251353342118
89000 0.19855384145285165
90000 0.19645174884107772
91000 0.1996797487233327
92000 0.19842865154441985
93000 0.19811132979446325
94000 0.19492845696961425
95000 0.19058007463883275
96000 0.19472298115761352
97000 0.19293672710518062
98000 0.1912543146278465
