0 0.27058407236139387
1000 0.23548640811509702
2000 0.21660406374752458
3000 0.19598440573586917
4000 0.18796736472418427
5000 0.17784537022017255
6000 0.17445992972367605
7000 0.16743395225686566
8000 0.16345093613583328
9000 0.1595281193185231
10000 0.1551822369332782
11000 0.15431882635778288
12000 0.15018683514641293
13000 0.14644257768353186
14000 0.1444330344614398
15000 0.14375884284979476
16000 0.1416240206959014
17000 0.1399993571085256
18000 0.13696282023858172
19000 0.13581141381604322
20000 0.1358932920655005
21000 0.1343216076751129
22000 0.13128126243232555
23000 0.12889467405415925
24000 0.12842821476043625
25000 0.1277034458853268
26000 0.12696817393775578
27000 0.12372558088018104
28000 0.12473964256949507
29000 0.12264215201077905
30000 0.12040765925564197
31000 0.12151571213273074
32000 0.12134521521419515
33000 0.117545204490846
34000 0.11696693004900487
35000 0.11688973229338334
36000 0.11568326058386777
37000 0.11634478682472606
38000 0.11435046645496413
39000 0.11260195798362777
40000 0.11044126326850139
41000 0.11305277535491318
42000 0.1101480122981099
43000 0.11023022248528119
44000 0.10851643605046825
45000 0.10789845894087308
46000 0.10822913922187646
47000 0.10803815835876245
48000 0.10510294588681822
49000 0.10641195608491037
50000 0.10601929949266
51000 0.10588480301461929
52000 0.10559062990342236
53000 0.10516408118605865
54000 0.10434742621113731
55000 0.10399707000084277
56000 0.10333904587275919
57000 0.10321538709889845
58000 0.10479228242804942
59000 0.10173546775926282
60000 0.10115687102585877
61000 0.10070173385316497
62000 0.10041525839587102
63000 0.10088997341367303
64000 0.09971520443569247
65000 0.09903307422502174
66000 0.09887655047360652
67000 0.09795328184601694
68000 0.09962881923650155
69000 0.09665154630389747
70000 0.09834038875982129
71000 0.09687554272395481
72000 0.09671833774386064
73000 0.09912908692659088
74000 0.09643775724458278
75000 0.09580713374538079
76000 0.09459945447735488
77000 0.0993859476345502
78000 0.09444371468204396
79000 0.09750713565362691
80000 0.09648801852786396
81000 0.09497811877485786
82000 0.09261397477293873
83000 0.0926028944842101
84000 0.09182407544791561
85000 0.09427236442251444
86000 0.0914571751276011
87000 0.09329219452507485
88000 0.09344953772639204
89000 0.09214718810941819
90000 0.09174952806723181
91000 0.09249854987544145
92000 0.09083352031166791
93000 0.09169540133200384
94000 0.09070103161739512
95000 0.0906592412910629
96000 0.08758336794552367
97000 0.0913195582225013
98000 0.08906975790107129
