0 0.2714580877189765
1000 0.2368878493576373
2000 0.21851833610325064
3000 0.19837450322721967
4000 0.1845893248129793
5000 0.17459260938865376
6000 0.16690270011005018
7000 0.15676138531072847
8000 0.14939521484259868
9000 0.14452719687489662
10000 0.13590112907830001
11000 0.12987832468254587
12000 0.12936315688150102
13000 0.12673470031205572
14000 0.12218537489599238
15000 0.1181925193934959
16000 0.11585412667215148
17000 0.11311057969048509
18000 0.11061324881256576
19000 0.10844443589019902
20000 0.10726486039439206
21000 0.10472084677345479
22000 0.10451034251031859
23000 0.10363127993232832
24000 0.10282360677881387
25000 0.1003807186721942
26000 0.09890250104755842
27000 0.09698503451231036
28000 0.09468589015452189
29000 0.09596689601776655
30000 0.09468002184012249
31000 0.09169069397134642
32000 0.09173694731918414
33000 0.09135200008027333
34000 0.09202534851127099
35000 0.09041599731628963
36000 0.08847275497562598
37000 0.08681510057870512
38000 0.08795019240910601
39000 0.08514155179763307
40000 0.08593810779984908
41000 0.08558247352719807
42000 0.08384797883447037
43000 0.08453275075749606
44000 0.08514009737496782
45000 0.0836149583900951
46000 0.08662321987533753
47000 0.08388771658568862
48000 0.08262748702565967
49000 0.08426798371540968
50000 0.08218890055987327
51000 0.07973558525468873
52000 0.07997463904424147
53000 0.08182942527348569
54000 0.0814612342494174
55000 0.07971599270955988
56000 0.07847716519155096
57000 0.07885538614632703
58000 0.07790888856846345
59000 0.0779832521744525
60000 0.07658503109016875
61000 0.07698433437197379
62000 0.0783415246210215
63000 0.07499461093606259
64000 0.0770528562183176
65000 0.07581618378003192
66000 0.0755530379134233
67000 0.0764578672724854
68000 0.07590744917553062
69000 0.0756435044867502
70000 0.0755907574719636
71000 0.07550209031591644
72000 0.075526975799552
73000 0.07468947730321639
74000 0.07374720576169662
75000 0.07353133173009871
76000 0.07343227820964385
77000 0.07520260519187073
78000 0.07568527772036354
79000 0.07480387160286378
80000 0.07424963577618829
81000 0.07200169121922337
82000 0.07364983087951833
83000 0.07276106345888693
84000 0.07299037288539251
85000 0.07189358921462344
86000 0.07294201053639289
87000 0.07276103968158701
88000 0.07292913320906684
89000 0.07139513674193605
90000 0.07219781051983254
91000 0.07196682425063644
92000 0.07193805895070554
93000 0.07121188421256373
94000 0.0710066062774193
95000 0.0701485567892506
96000 0.06995539422040825
97000 0.07086656215720262
98000 0.06957427899510438
