0 0.275790982131551
1000 0.2593134707919517
2000 0.24476165951459783
3000 0.24011676870151477
4000 0.23247101213222696
5000 0.2209261776804172
6000 0.21286798817456123
7000 0.20816647395147853
8000 0.2049595815533961
9000 0.19655456083759773
10000 0.1947969952078328
11000 0.18733912896297564
12000 0.18488452303823666
13000 0.1806501642823601
14000 0.1741059704411095
15000 0.17107843014968335
16000 0.1681211008538331
17000 0.16669566505006297
18000 0.1640955988413772
19000 0.1590952020741662
20000 0.15885863952952964
21000 0.15648468987721398
22000 0.15419738300440383
23000 0.15026771562109145
24000 0.14926059580262152
25000 0.14668456365972765
26000 0.14749757747954725
27000 0.14692474195783478
28000 0.14301221192399602
29000 0.13908193996486676
30000 0.13960343339681264
31000 0.14073335561449435
32000 0.1363429561892607
33000 0.13519755374756184
34000 0.13549858004908558
35000 0.13204384177307918
36000 0.13188973172279186
37000 0.12883350235280677
38000 0.12820454754207378
39000 0.13018149379966093
40000 0.1253210224620913
41000 0.12695677838171676
42000 0.1244275226884373
43000 0.12355696246668904
44000 0.12306526889118602
45000 0.1182975454956372
46000 0.11876089176011737
47000 0.12127533328638859
48000 0.11921978585417362
49000 0.11785806770255908
50000 0.11410646461677557
51000 0.11765180823556007
52000 0.11517571318320752
53000 0.11373621372548155
54000 0.11423938308046026
55000 0.11233309937665954
56000 0.11452603860950117
57000 0.11346003003379054
58000 0.11199709477747176
59000 0.11030471612460355
60000 0.11103368335759038
61000 0.11001005735651594
62000 0.11089545484059524
63000 0.10802616760701823
64000 0.10851708992853677
65000 0.10716421798173535
66000 0.10921513981219061
67000 0.10461351643316098
68000 0.10816179928699134
69000 0.10689895817374179
70000 0.10390691297360853
71000 0.10244412595318605
72000 0.10299648980665556
73000 0.10363961228406915
74000 0.10410799820722916
75000 0.10410943573050783
76000 0.10340945075677324
77000 0.10230054863172848
78000 0.10296727704530632
79000 0.10049722096100197
80000 0.10343057635756338
81000 0.09904014498086669
82000 0.09939200665446822
83000 0.1016420798658273
84000 0.10153827037325133
85000 0.0983259979510653
86000 0.10044320122118833
87000 0.09932108546651336
88000 0.10122140122766471
89000 0.0988134192382743
90000 0.09830565797983024
91000 0.09775131353672055
92000 0.09756464208852622
93000 0.09646396821989335
94000 0.09777779859164452
95000 0.09572548440950376
96000 0.09641575005074955
97000 0.09471979914428948
98000 0.09694590303787315
