0 0.35044723386040666
1000 0.3357756130997942
2000 0.33240880021508107
3000 0.3197639171978058
4000 0.3194177550552699
5000 0.31901840405165127
6000 0.3144647952299769
7000 0.3102156367887
8000 0.30811040930944317
9000 0.30826457326567824
10000 0.3013970214296734
11000 0.30772806328131486
12000 0.30495417045182394
13000 0.30203386826145956
14000 0.301040594803323
15000 0.3018674742095355
16000 0.30421786974278875
17000 0.29976461314216896
18000 0.302196949760903
19000 0.30132124659367177
20000 0.3014025223943286
21000 0.2976270710738884
22000 0.2967594494486124
23000 0.2963846643215303
24000 0.30394364279050795
25000 0.2970874060642207
26000 0.2993151432970438
27000 0.3002379686746562
28000 0.29949754929934086
29000 0.2954796742236433
30000 0.29922760643078433
31000 0.2967781942183844
32000 0.295935691298798
33000 0.2938772293248153
34000 0.29451802851140935
35000 0.30004431514059726
36000 0.2947411015762963
37000 0.2983872004695229
38000 0.29894504119939413
39000 0.29435693253795436
40000 0.29616297970776184
41000 0.29249287776419736
42000 0.2943754083353926
43000 0.2934027125132352
44000 0.2940409016846026
45000 0.2937545907676658
46000 0.29023847339853814
47000 0.29054616630109004
48000 0.29191245515349495
49000 0.28738445636412974
50000 0.2940384888268308
51000 0.290474577524616
52000 0.2890156181778345
53000 0.29186974920180175
54000 0.2868278995350899
55000 0.29211172431702653
56000 0.29326428223140266
57000 0.2911740823880733
58000 0.2899563480009416
59000 0.29553649626409817
60000 0.29323761748623256
61000 0.28769455804769456
62000 0.2929019375458069
63000 0.29305144499166547
64000 0.28994998873040556
65000 0.29261425355149506
66000 0.2907577374441026
67000 0.29322094575496876
68000 0.28959203503978603
69000 0.29216832297650613
70000 0.2909537170568928
71000 0.2900377138394558
72000 0.2870195875105984
73000 0.29298368412915976
74000 0.291759145200275
75000 0.29011577655097165
76000 0.28335177340714646
77000 0.2862304740192054
78000 0.29135628572772776
79000 0.2878064172894685
80000 0.28995550638518647
81000 0.2829618416835089
82000 0.2901794955191575
83000 0.2884648985799242
84000 0.2873649142758197
85000 0.28703337923275973
86000 0.286285144933575
87000 0.288466631150025
88000 0.28662411523567655
89000 0.2889258711983076
90000 0.28655868443082044
91000 0.2860733149142959
92000 0.2851068269935878
93000 0.28662573211937653
94000 0.283100305204021
95000 0.28701328169697526
96000 0.285401537445181
97000 0.2885252785334329
98000 0.2807082175583806
