0 0.22934395444524255
1000 0.16865896337365333
2000 0.14266117002438006
3000 0.12530012284855063
4000 0.1139343760458538
5000 0.10952941808241806
6000 0.09925571154926212
7000 0.09506148695358066
8000 0.0953256838500291
9000 0.0881814342767127
10000 0.0869249765769596
11000 0.08575999883226153
12000 0.08411384639164612
13000 0.0823645284351646
14000 0.08076776731580161
15000 0.07887594786646042
16000 0.07578000507144247
17000 0.07587364284152025
18000 0.07469976351134422
19000 0.07582188292097164
20000 0.07287634944687399
21000 0.07259202273295629
22000 0.07268130271806714
23000 0.07083476676854854
24000 0.07035679358218888
25000 0.06959185253430224
26000 0.06780091107352938
27000 0.06805557510379993
28000 0.06924654499368384
29000 0.06696216819741778
30000 0.06569142859545346
31000 0.06583852017070671
32000 0.06621783775089345
33000 0.06604225518077948
34000 0.06558241130266873
35000 0.06557248594855639
36000 0.06400272072184184
37000 0.06532746889115663
38000 0.06453783497289735
39000 0.06377050444981847
40000 0.06361665300281921
41000 0.0634684296939103
42000 0.06464093500948373
43000 0.06351547826438735
44000 0.0641397830247996
45000 0.06347788975340748
46000 0.06438638108028749
47000 0.0634016664274437
48000 0.0633014268652588
49000 0.06182175117888229
50000 0.06092261528974543
51000 0.06200057843437445
52000 0.06293643801099917
53000 0.06292659795597871
54000 0.0618753329004271
55000 0.060987963163357695
56000 0.06206516640768685
57000 0.06122550988787204
58000 0.061093456947329816
59000 0.06010031545673979
60000 0.06214922885966926
61000 0.05931206968750821
62000 0.06177952326645819
63000 0.06147822609196762
64000 0.059441126579304705
65000 0.06063282693612604
66000 0.060454205182428895
67000 0.06124718588686122
68000 0.0588987626228384
69000 0.059376170247740154
70000 0.06015669804082009
71000 0.06015298153256801
72000 0.06098321338292219
73000 0.060474094444901254
74000 0.05986124484538705
75000 0.0592845730184179
76000 0.05950883081630843
77000 0.0602332766943772
78000 0.059139942002147894
79000 0.05906378613021229
80000 0.0607170159680319
81000 0.059226155171106847
82000 0.059724075096865926
83000 0.059958816058851214
84000 0.05810742700492408
85000 0.05845496826213639
86000 0.05929192543379957
87000 0.05797122797128666
88000 0.05943294902305213
89000 0.05744819613388962
90000 0.05839735449361351
91000 0.05737770956546742
92000 0.058380562524122964
93000 0.05883113443160175
94000 0.059076524389004265
95000 0.05859941579510315
96000 0.05844673940139995
97000 0.05740613091142393
98000 0.05848993641417492
