0 0.30804125755100553
1000 0.3065446883029257
2000 0.3059115593000884
3000 0.30699148222053824
4000 0.3045381054401592
5000 0.2996668713230429
6000 0.30242182739254436
7000 0.3037858582483893
8000 0.3003211330125587
9000 0.30077839152747954
10000 0.30127264646865204
11000 0.29351866848105496
12000 0.29661446365539296
13000 0.29654891848778075
14000 0.2943890356724679
15000 0.2976221971962074
16000 0.2959587682003303
17000 0.29638352533479057
18000 0.29130748414349805
19000 0.2925457063510335
20000 0.2942889277853357
21000 0.2928810156591775
22000 0.28932447345311413
23000 0.28875715465630786
24000 0.29198047293055807
25000 0.28978803791327434
26000 0.2870308874911815
27000 0.2850039693697766
28000 0.2892737202869937
29000 0.28473018326289545
30000 0.29077914572735986
31000 0.2826871592023457
32000 0.28300238112997866
33000 0.27971707970912973
34000 0.2814805977949938
35000 0.28210648073332467
36000 0.27867839492641483
37000 0.28444154685196027
38000 0.2825835994763129
39000 0.28070788261758645
40000 0.2792193769525644
41000 0.28445429594660304
42000 0.27836453541824047
43000 0.2805814569508113
44000 0.2782650167923107
45000 0.27462997909445014
46000 0.27702584192222657
47000 0.28106231138578724
48000 0.273466522548644
49000 0.27612088697470616
50000 0.27720485348799917
51000 0.27425857016044836
52000 0.26960827768535844
53000 0.2698870814818871
54000 0.2723415676962202
55000 0.2706165092687282
56000 0.2746989010376701
57000 0.2750786956102837
58000 0.2698749015698205
59000 0.2714071556690703
60000 0.2694481706906647
61000 0.2648897571860075
62000 0.26647099178778527
63000 0.26437553205106756
64000 0.2667582599473168
65000 0.2642523700339882
66000 0.26309379288666085
67000 0.2618555839775547
68000 0.2659461115699264
69000 0.2604507408255823
70000 0.2640151503882315
71000 0.26302009862383113
72000 0.2620774529923827
73000 0.2589389467065285
74000 0.26043057319867824
75000 0.2602864554696909
76000 0.2580760694356071
77000 0.25890004425491536
78000 0.25751298174531173
79000 0.2596111735956883
80000 0.2600182774345204
81000 0.25976384351576615
82000 0.2564608983849682
83000 0.2564309524642521
84000 0.25511202257529986
85000 0.25710126293700264
86000 0.25407320793565086
87000 0.25806744144020405
88000 0.2569212513318578
89000 0.25526852451004783
90000 0.25209683051865583
91000 0.25356619517335865
92000 0.24750187466242768
93000 0.25078735093824134
94000 0.2531436417483822
95000 0.2545111591147507
96000 0.24809712808377835
97000 0.24449628720721792
98000 0.2510554517599298
