0 0.2677938383207728
1000 0.2335824872401881
2000 0.21259071673330948
3000 0.19516793159443055
4000 0.1835652634128612
5000 0.16693413179250477
6000 0.16480848315841276
7000 0.15435791561646725
8000 0.1422634281819363
9000 0.1394380067388665
10000 0.1360692738182246
11000 0.12924855712511552
12000 0.12867793593921914
13000 0.12222816200264558
14000 0.12087579542010989
15000 0.11675361035243505
16000 0.11431495451283945
17000 0.11002586911413469
18000 0.10854364240290891
19000 0.10835312062557546
20000 0.10596844616081141
21000 0.10341945487292627
22000 0.1015727659859405
23000 0.09971990068991882
24000 0.09709098253186627
25000 0.09601247218216176
26000 0.09605498527186679
27000 0.09377275206585117
28000 0.0943729061755331
29000 0.09215270657071166
30000 0.09322614002970742
31000 0.09331603971376973
32000 0.0905829410520799
33000 0.08951935375523178
34000 0.08808212716880844
35000 0.08932660034124579
36000 0.08672685261630848
37000 0.08575740171812253
38000 0.08480307725893024
39000 0.08336637778179008
40000 0.08577464608128336
41000 0.08382157331115833
42000 0.08338089412291316
43000 0.08300342707294948
44000 0.08313324273979283
45000 0.08117632445649278
46000 0.08174772575572377
47000 0.08137237181870485
48000 0.08076700399962514
49000 0.08013289786035659
50000 0.07970249316987135
51000 0.07941039577678623
52000 0.0774974363175146
53000 0.07844302719077911
54000 0.07896615731800016
55000 0.07661658183325919
56000 0.07739073565593502
57000 0.07632842357314751
58000 0.07622962092537516
59000 0.07612509823352245
60000 0.07489045407920145
61000 0.07674339935112977
62000 0.07626120296990792
63000 0.07627386167981508
64000 0.07509848205566869
65000 0.07403152675447337
66000 0.07366650482491009
67000 0.07431981921207123
68000 0.07338442331336889
69000 0.07160257634340898
70000 0.07142095955608685
71000 0.07368386653230202
72000 0.07092248415094149
73000 0.0709349747965386
74000 0.07237025732885496
75000 0.07113891454895609
76000 0.07121389271266386
77000 0.07090799440591407
78000 0.071326393277227
79000 0.07022553610963266
80000 0.07364443784971508
81000 0.07119343849793032
82000 0.07156235866907945
83000 0.06980391951423433
84000 0.07008393333822364
85000 0.0723624778524254
86000 0.06982885067674777
87000 0.0708611955821903
88000 0.06878177778495397
89000 0.06874125781893896
90000 0.06890582957652656
91000 0.06920906920752251
92000 0.06960011102832818
93000 0.06745174224349848
94000 0.06746515141207482
95000 0.07043837690700111
96000 0.06997424030682305
97000 0.07044725531220536
98000 0.06784281199531811
