0 0.29047003248647146
1000 0.2508528094517667
2000 0.22855799579732752
3000 0.21378151879818957
4000 0.20320267968570727
5000 0.19431479069962043
6000 0.18985610168638611
7000 0.18945386304902143
8000 0.18094366128094258
9000 0.1802152728563875
10000 0.17523631707813883
11000 0.1759505355195977
12000 0.17606922147069903
13000 0.17364594442696898
14000 0.1730320078113393
15000 0.17146422386948298
16000 0.17100197275904475
17000 0.16951783462229617
18000 0.16807345033603252
19000 0.16792762443802772
20000 0.16975779434302282
21000 0.16727751184772277
22000 0.1696307739400422
23000 0.16874045737818716
24000 0.16880725765356178
25000 0.16830968819125203
26000 0.1692700109452648
27000 0.16969152564612414
28000 0.1683938097129701
29000 0.16898086070824586
30000 0.1699702259759553
31000 0.17040539341487013
32000 0.17088184156586259
33000 0.16524444479753722
34000 0.17204374980572926
35000 0.16737565556555972
36000 0.16916180963630828
37000 0.16949994897359957
38000 0.1700257576222055
39000 0.16847775162230666
40000 0.16925970434803625
41000 0.1677931302041933
42000 0.1673906153428028
43000 0.16780673371188598
44000 0.167875996861732
45000 0.16872569345801922
46000 0.16965073514897536
47000 0.1669705806454949
48000 0.17002125241847818
49000 0.1678256879064468
50000 0.1687678559037182
51000 0.16956434825619135
52000 0.16812140114104845
53000 0.1682720254856614
54000 0.17051578274139742
55000 0.1696634034684617
56000 0.1658471377090111
57000 0.16898012630846207
58000 0.16830756609385605
59000 0.16806852160109842
60000 0.16760527899243668
61000 0.1715004693478209
62000 0.16690492522199663
63000 0.16832373954477373
64000 0.1680604710138843
65000 0.16747053766291603
66000 0.167857161335669
67000 0.17126502670404567
68000 0.167633371603116
69000 0.17212331753459367
70000 0.1682709668719648
71000 0.16799859084591653
72000 0.16656192875224357
73000 0.16791287599109508
74000 0.16947172330263463
75000 0.16527876569405892
76000 0.16824198631268725
77000 0.16793523973770172
78000 0.16785243499375954
79000 0.16985184031432132
80000 0.17123229227090872
81000 0.1700915442780966
82000 0.16913868223385797
83000 0.1700101744641738
84000 0.16845479496313925
85000 0.16593674378155313
86000 0.16748990151773185
87000 0.16774709784434463
88000 0.1702607692667694
89000 0.16743401505652378
90000 0.16998855796001341
91000 0.16659322888724637
92000 0.16531523992863595
93000 0.16528722521728373
94000 0.16918965825397295
95000 0.16671957575152316
96000 0.16889119480392714
97000 0.16811046521584042
98000 0.16754001352268616
