0 0.25781374647699734
1000 0.22588898326968046
2000 0.2025853897273736
3000 0.18251966674487335
4000 0.17031368093722013
5000 0.15718483432077682
6000 0.15302726645932968
7000 0.14428928800273655
8000 0.138408023305293
9000 0.1343619848723562
10000 0.1317540250616237
11000 0.12510706601630386
12000 0.1211232688722205
13000 0.11737863352722228
14000 0.11706882017006875
15000 0.11324689188632998
16000 0.11191472919766082
17000 0.1087206754306354
18000 0.10733659923704125
19000 0.10493370792875982
20000 0.10293185903296019
21000 0.09945238449035157
22000 0.09741523328612203
23000 0.09648451949375697
24000 0.09571327221240866
25000 0.0954701999241048
26000 0.09318405875270414
27000 0.0914706220422432
28000 0.09372779096497402
29000 0.09086428095980362
30000 0.08929018867939273
31000 0.09043462751227177
32000 0.08748732985497659
33000 0.08760401361703041
34000 0.08718267402551286
35000 0.08642733857222926
36000 0.0848137933671161
37000 0.08453386064613917
38000 0.08402901911669966
39000 0.0844842944256934
40000 0.08317637872809741
41000 0.08349387516157368
42000 0.08224146203591695
43000 0.07979934990766946
44000 0.0798259059095732
45000 0.08054925538161305
46000 0.08121716670070103
47000 0.0791362779863833
48000 0.0789696906800629
49000 0.07986084115735877
50000 0.08001553013392794
51000 0.08051265232723624
52000 0.07680434583433389
53000 0.07706923123889828
54000 0.07640185922069345
55000 0.07609826790128985
56000 0.07581059685993802
57000 0.07680493687735909
58000 0.07769910977484304
59000 0.0741232587755966
60000 0.07637962690575727
61000 0.0738052259160598
62000 0.07410073401050057
63000 0.07309931694133287
64000 0.07285345160521439
65000 0.0741013755707524
66000 0.0715259959821995
67000 0.07341058034194516
68000 0.07301378659850165
69000 0.07380356703401611
70000 0.07162607891736525
71000 0.07226403657077045
72000 0.07112196015621407
73000 0.07038681961818054
74000 0.07170761433510248
75000 0.07218403373595668
76000 0.07222975671467409
77000 0.07063716159555099
78000 0.07177124007666158
79000 0.07211570210112721
80000 0.06923843192227311
81000 0.06987668339469831
82000 0.0705080878031077
83000 0.07233015442839448
84000 0.0710440813602647
85000 0.07005828142511544
86000 0.07154482421759638
87000 0.07050068273560532
88000 0.06835044920716443
89000 0.07115077155998407
90000 0.07070476802374605
91000 0.07070142469033432
92000 0.06797219955595567
93000 0.06914395151057669
94000 0.06877595760361715
95000 0.0691991717887172
96000 0.06831288434524148
97000 0.06793171043952474
98000 0.06889866461862655
