0 0.37963314988201846
1000 0.36699008482519896
2000 0.35754169511054845
3000 0.34929986925238543
4000 0.3460287231796509
5000 0.3401230117853106
6000 0.3378302446689295
7000 0.33289001258549
8000 0.3283704534814593
9000 0.33017623116115274
10000 0.33121852448405403
11000 0.3236263043029977
12000 0.3226797670537211
13000 0.3312883911786203
14000 0.3200224201045501
15000 0.3273663818190177
16000 0.32459850039529753
17000 0.32446097749672687
18000 0.32452381935350344
19000 0.3222974036280414
20000 0.323625834337481
21000 0.3227886295378869
22000 0.32579268284339336
23000 0.32507796039502596
24000 0.3237448935448144
25000 0.32224800334307635
26000 0.3218062361166895
27000 0.3215231976907655
28000 0.3262715580869422
29000 0.3258430182940165
30000 0.31991343541350115
31000 0.32078675691214054
32000 0.3211125076726811
33000 0.32539665370448434
34000 0.3209057329917032
35000 0.31889776555881894
36000 0.32553347076088535
37000 0.32104914634346365
38000 0.3193673264354654
39000 0.3162807021016407
40000 0.322607442209425
41000 0.32549437129443304
42000 0.320427091122912
43000 0.32315812509164177
44000 0.3231608725482565
45000 0.32380153394263084
46000 0.32549054918208853
47000 0.3205745069955385
48000 0.32468493372036095
49000 0.32129550912896115
50000 0.32237063169867597
51000 0.32107604734836137
52000 0.3213466777006102
53000 0.3192795971225201
54000 0.31907731580348164
55000 0.31463522025249174
56000 0.3194598527562143
57000 0.32274502262101223
58000 0.32518634214312314
59000 0.3246155655766794
60000 0.3195190043851499
61000 0.32156631853429957
62000 0.31901198337254344
63000 0.3189909107964776
64000 0.31807559145209036
65000 0.3224551456672793
66000 0.32177416771422435
67000 0.31817227304108214
68000 0.31403160125083934
69000 0.3175791437250169
70000 0.3153193770014321
71000 0.3201854966851237
72000 0.3206489503459039
73000 0.32113154863808907
74000 0.3193526848192777
75000 0.3197325881579222
76000 0.3223628163747959
77000 0.31970740063737313
78000 0.3219678780735134
79000 0.31929705171877243
80000 0.3212709209500925
81000 0.3174886871206743
82000 0.32239873788105294
83000 0.3179181533218285
84000 0.32134299358388185
85000 0.3190248624461561
86000 0.3211887663249279
87000 0.3245668651504468
88000 0.31989190022012076
89000 0.3222266851106699
90000 0.323843857247351
91000 0.31829293468623426
92000 0.3215139194784461
93000 0.31879926994831015
94000 0.32346892463468235
95000 0.3210893176774601
96000 0.3203392340495039
97000 0.32265415549606025
98000 0.3175563801252847
