0 0.25987745305470933
1000 0.20854256295749152
2000 0.18879880734532903
3000 0.17478533517844622
4000 0.1664872482269485
5000 0.1612969627897333
6000 0.15833643904375974
7000 0.1564220662435309
8000 0.15165799086292145
9000 0.15022846191146166
10000 0.14977098627771357
11000 0.1491047575858749
12000 0.1488281801770345
13000 0.14949387218648702
14000 0.14791121552998152
15000 0.14592452142464685
16000 0.14654409590557496
17000 0.1469553978278321
18000 0.14659639067846048
19000 0.1445973977613722
20000 0.14457317785422996
21000 0.14624777148079876
22000 0.1453692035019787
23000 0.14496832053776917
24000 0.14568655554480628
25000 0.1410234093214114
26000 0.144388475286178
27000 0.145586677526945
28000 0.14626439049748066
29000 0.1444619337521936
30000 0.14413083190953088
31000 0.1457650883667046
32000 0.14609732229937036
33000 0.1448826920925477
34000 0.14578976411370304
35000 0.14753797504966235
36000 0.14478855495273926
37000 0.14605618257690137
38000 0.14441808789238417
39000 0.14464773964883249
40000 0.1438565843622459
41000 0.14567630552282906
42000 0.1458799575116819
43000 0.14508420444535367
44000 0.14293868902065465
45000 0.14463531981834643
46000 0.14377348365748013
47000 0.14370510591813881
48000 0.1452185189874456
49000 0.14351144598434662
50000 0.14321517704271622
51000 0.14472265315071453
52000 0.14957608631339636
53000 0.14559460977939379
54000 0.1444723057121063
55000 0.1448012086263821
56000 0.14819704725244143
57000 0.14317361575072868
58000 0.14302136907497534
59000 0.14455898003041973
60000 0.1445581507685925
61000 0.1436225168347599
62000 0.14516336705546
63000 0.1475884231845119
64000 0.14376682979833225
65000 0.14254140249371403
66000 0.14620036662750638
67000 0.1467117942753421
68000 0.14802601593886341
69000 0.14630819753825708
70000 0.1442713817571373
71000 0.14372471161344674
72000 0.1427198494975378
73000 0.1466937605912619
74000 0.1460330823337479
75000 0.14668910187155612
76000 0.14684411108685783
77000 0.1436492276532023
78000 0.14326160519595887
79000 0.14362562295792303
80000 0.14145236250652443
81000 0.14465581016048246
82000 0.14111681094875939
83000 0.14642542068629544
84000 0.1438003688551213
85000 0.14293920091620047
86000 0.14193601738448222
87000 0.14315451379815478
88000 0.1424329018555628
89000 0.14493817269830372
90000 0.1460752409307223
91000 0.14292396913650238
92000 0.14430630632087213
93000 0.14313810783485328
94000 0.14427002958557839
95000 0.14184149484274572
96000 0.14316444858115093
97000 0.14575728913713257
98000 0.145109947589699
