0 0.22838293679222887
1000 0.21682933852563316
2000 0.21910525929625238
3000 0.2160022246598672
4000 0.21447469472985614
5000 0.21790221130759846
6000 0.2172974268838965
7000 0.21546425078935844
8000 0.21239567560217598
9000 0.21498767146070605
10000 0.21330031510075975
11000 0.21442986454955426
12000 0.2149927880599254
13000 0.2148428735603005
14000 0.21387092381625386
15000 0.21554004074871988
16000 0.21412591324036673
17000 0.21484325678997288
18000 0.21851589761078555
19000 0.21571598390715482
20000 0.2159527667827923
21000 0.21296698508545586
22000 0.21380636191688007
23000 0.21493756474067338
24000 0.21457834419141736
25000 0.21653228680221304
26000 0.21537406354487346
27000 0.21081076622713188
28000 0.21389308611369628
29000 0.21696373946924571
30000 0.2165815184197544
31000 0.21591554853732434
32000 0.21247962329421358
33000 0.21475653739308875
34000 0.2156090510491812
35000 0.21118001839134595
36000 0.21088572276975173
37000 0.21719068458510105
38000 0.21551812031540737
39000 0.2155331235459048
40000 0.21460730717198218
41000 0.21633929330423535
42000 0.21907644367118048
43000 0.2121496447025211
44000 0.21511578278370266
45000 0.21567441806271492
46000 0.215694364508782
47000 0.21480596019584242
48000 0.21524300041625236
49000 0.21385714232310174
50000 0.21760227539983798
51000 0.21560552781376288
52000 0.21433890533138814
53000 0.2174104323501776
54000 0.2130007864840002
55000 0.21420404296728449
56000 0.2126833253910171
57000 0.2125124076657457
58000 0.21338134197655112
59000 0.21405132993093134
60000 0.21197896680487824
61000 0.2152118166929704
62000 0.21734566490798207
63000 0.21382764410735713
64000 0.21788837539245506
65000 0.21322428035412716
66000 0.2155850746270374
67000 0.21137751320321485
68000 0.21436542664997357
69000 0.21866169340248998
70000 0.21611762745461086
71000 0.21752042198772636
72000 0.2151266994137467
73000 0.21423043593460914
74000 0.2161678556108117
75000 0.21454421560981662
76000 0.21382670891063793
77000 0.21734642742393023
78000 0.21376043658177646
79000 0.214027537954718
80000 0.21333484576257045
81000 0.21660578976818612
82000 0.21577114557685012
83000 0.2174787619376097
84000 0.21584915786758632
85000 0.21246472527159665
86000 0.21392011210961093
87000 0.21616929066158352
88000 0.2153715147048714
89000 0.21787138241599252
90000 0.21775045463329476
91000 0.2166993913528758
92000 0.21566288277059698
93000 0.21782435371762948
94000 0.2174787270801677
95000 0.21668936881841094
96000 0.21486463572636672
97000 0.21969065602088136
98000 0.2176396465165239
