0 0.3975151684217855
1000 0.3819684407721074
2000 0.37016568163097624
3000 0.3600395818700865
4000 0.35789682124195876
5000 0.3487467910606465
6000 0.3467407747332679
7000 0.3452773419084965
8000 0.33910250990122665
9000 0.34069625839054213
10000 0.3407096235587115
11000 0.3380798689528472
12000 0.3400185132401863
13000 0.3352298740651964
14000 0.33637671186863527
15000 0.333455845525384
16000 0.3316359618563347
17000 0.3359097843298281
18000 0.33484753060392897
19000 0.33282996119011926
20000 0.3311329566442282
21000 0.33015884885769603
22000 0.333212833413137
23000 0.3305456856324286
24000 0.33112231776461853
25000 0.33261577824781335
26000 0.3281026737804493
27000 0.3321785014162495
28000 0.3347917751319671
29000 0.32965295943329354
30000 0.3317707954378605
31000 0.33303990860936705
32000 0.33471657250706394
33000 0.33633731428165076
34000 0.33093144896337934
35000 0.3330915265018173
36000 0.32488511514642887
37000 0.3264564637701687
38000 0.33263660789621197
39000 0.32820628220944575
40000 0.330311039104143
41000 0.33154600882425167
42000 0.3317576112643852
43000 0.330854051240536
44000 0.3343902949418227
45000 0.32943295338775125
46000 0.327058554847909
47000 0.32910811298222314
48000 0.32780536707436025
49000 0.33383839866000914
50000 0.3286059009198437
51000 0.33408528924028646
52000 0.33190089135688533
53000 0.33263794067487124
54000 0.33451165461289706
55000 0.32968172456369155
56000 0.3268037949166067
57000 0.33312346096527984
58000 0.3303572701078376
59000 0.3322887898659752
60000 0.33498822234448156
61000 0.32513309370122256
62000 0.32903007491925584
63000 0.3342972170977839
64000 0.33085041703862983
65000 0.32894467509955627
66000 0.3341025558016242
67000 0.3315036143997243
68000 0.33138131380196206
69000 0.3301289962814949
70000 0.3310360106124395
71000 0.3364504604113421
72000 0.3300748152618816
73000 0.3339183501506413
74000 0.3289236618061361
75000 0.335037089279489
76000 0.3354973034161119
77000 0.32888121990281627
78000 0.3320912639414831
79000 0.33467201967622984
80000 0.32852617027300646
81000 0.33046154826514273
82000 0.33047367613263845
83000 0.33002581122650454
84000 0.33339768978142054
85000 0.3273003199182265
86000 0.3357627480699595
87000 0.33367803353282466
88000 0.3319144609942697
89000 0.33048908607124994
90000 0.3292064928698883
91000 0.3338879492461452
92000 0.33117552533493005
93000 0.33410957938197905
94000 0.3254231494682162
95000 0.33098387380017213
96000 0.32770821597937355
97000 0.33161977512862456
98000 0.3334151647638394
