0 0.20749092154837828
1000 0.1421150125608889
2000 0.11941160796022537
3000 0.10684655463460607
4000 0.10271301805959798
5000 0.09702423835012858
6000 0.09236372423319635
7000 0.0917825178567306
8000 0.09030842398716869
9000 0.08774352466048838
10000 0.08675003262588969
11000 0.08720571940781507
12000 0.08481305302045988
13000 0.08524669354772155
14000 0.0847643776046271
15000 0.08502847688778445
16000 0.08258396627869707
17000 0.08299501625905766
18000 0.08483500119402854
19000 0.08232606301934745
20000 0.08328856808247836
21000 0.08196785298754852
22000 0.08300301918050407
23000 0.08154758944314039
24000 0.08198650028275635
25000 0.08370147077361711
26000 0.08264068897005979
27000 0.08106216519841984
28000 0.08130807550208503
29000 0.08058731299231875
30000 0.08129051446928472
31000 0.08142036790528859
32000 0.08041027445428547
33000 0.07982041389632663
34000 0.07953730090696637
35000 0.08218407648767094
36000 0.08125219752126146
37000 0.08180855316931802
38000 0.08106926402521067
39000 0.07937696757201866
40000 0.08059543624257198
41000 0.07971496588974687
42000 0.07815717390525924
43000 0.07958561426737938
44000 0.07794676763779172
45000 0.07766494140818132
46000 0.07844649020014824
47000 0.078740037881042
48000 0.07983448875846816
49000 0.07754773842618638
50000 0.07722500797594797
51000 0.07924417356719629
52000 0.07899916540043503
53000 0.07809583865612607
54000 0.07602065957794966
55000 0.07880139501765966
56000 0.07836643250971742
57000 0.07828574063751416
58000 0.07706100588165839
59000 0.07806755208833355
60000 0.0792512093578141
61000 0.0785326673396089
62000 0.07700912855678325
63000 0.08032823408449026
64000 0.07898951292823313
65000 0.0763921298493479
66000 0.07779425199132704
67000 0.08024134010037169
68000 0.07932013400334047
69000 0.07664180241789968
70000 0.07823511410652469
71000 0.07730418783640061
72000 0.07679608781772024
73000 0.07777632953262721
74000 0.07836784660875333
75000 0.07761604516593609
76000 0.07622145347332523
77000 0.07700370735458067
78000 0.07629171548655328
79000 0.07712473732591425
80000 0.07606248907385392
81000 0.07507862033582519
82000 0.07522649631909223
83000 0.07787898401845565
84000 0.07534967492064497
85000 0.07609208205880397
86000 0.07582060357032866
87000 0.07506430457415968
88000 0.0770099762365662
89000 0.07492871845734798
90000 0.07582951598022611
91000 0.07526364946049265
92000 0.07558800954912921
93000 0.07391858117143606
94000 0.07506848920470548
95000 0.07590736801499662
96000 0.07425700331938334
97000 0.07427743513692218
98000 0.07462252599430227
