0 0.3569783825779174
1000 0.3449880669404425
2000 0.344324547598708
3000 0.3470826102310178
4000 0.3368791798948844
5000 0.3367557966277645
6000 0.3342396435890185
7000 0.3332740209883262
8000 0.3346210225359535
9000 0.32951098578441146
10000 0.33311523310032487
11000 0.32728052270380764
12000 0.33184547694185407
13000 0.3332213186582378
14000 0.3313372877918993
15000 0.3287751122512508
16000 0.32980067190671847
17000 0.3293136323223019
18000 0.3294795629521446
19000 0.3286115131496413
20000 0.3261966165079195
21000 0.32348722843758504
22000 0.32867766052811265
23000 0.33197951245386725
24000 0.3269990054491229
25000 0.32740702416557654
26000 0.32469762596966073
27000 0.32408472089040763
28000 0.32378528140230745
29000 0.3198264338543828
30000 0.3232671952554915
31000 0.3235378772787193
32000 0.323676207434327
33000 0.3272215728387123
34000 0.32490183089519886
35000 0.32717511666579635
36000 0.3272431580306783
37000 0.3218344494084821
38000 0.3214825378830636
39000 0.32503536693925594
40000 0.3190553470043763
41000 0.3226906184699764
42000 0.3233554936180964
43000 0.31982431764668456
44000 0.3238062363259818
45000 0.3155722187353372
46000 0.320826319641914
47000 0.3161166875223164
48000 0.3194512855096791
49000 0.32151523458403447
50000 0.31558575343085254
51000 0.3177124125164309
52000 0.3167892089808186
53000 0.3175588696350083
54000 0.3189310137513297
55000 0.31691642327586445
56000 0.31287100024591696
57000 0.3183385089558907
58000 0.3144897437332107
59000 0.31432911160596083
60000 0.3161247867106088
61000 0.31451667507189124
62000 0.3232656217201231
63000 0.31747557453650377
64000 0.316200398616216
65000 0.3119668624045865
66000 0.314430460822502
67000 0.31029965867308174
68000 0.3131513343574954
69000 0.31265579783356245
70000 0.31516585219072873
71000 0.3136943790786882
72000 0.31567567689214776
73000 0.3110310762040653
74000 0.3089226485222792
75000 0.3104820865228757
76000 0.31313803118040784
77000 0.31128389432498094
78000 0.3094633465517706
79000 0.31057768200762514
80000 0.30944750350997435
81000 0.31291140354546143
82000 0.3084355616261949
83000 0.3117123336768791
84000 0.3078749373738177
85000 0.3088508817193074
86000 0.3096636474597359
87000 0.30416397091104297
88000 0.3056678934651249
89000 0.3055657933529794
90000 0.308739778915046
91000 0.31113797923563635
92000 0.3083864384357383
93000 0.3047476886008214
94000 0.310038074973156
95000 0.3138154318454673
96000 0.3038594697852292
97000 0.30843421003977023
98000 0.30328399007998924
