0 0.20614034565799003
1000 0.1892609560721133
2000 0.18003230046626775
3000 0.17178149768397208
4000 0.1677139937352402
5000 0.16682117813368838
6000 0.16478299585445824
7000 0.16174680809046152
8000 0.15958622209051854
9000 0.16129676864080003
10000 0.15764405186094796
11000 0.16236144367790495
12000 0.16019837335417791
13000 0.1569599850132902
14000 0.15803231410542654
15000 0.15679332388532297
16000 0.15625024538507926
17000 0.15871164946949254
18000 0.1597560082680194
19000 0.15913396886992498
20000 0.15654904106526318
21000 0.15420131379365015
22000 0.15544777101364202
23000 0.15634948392719258
24000 0.1549869387413901
25000 0.15763018587498362
26000 0.15614249987999412
27000 0.15521656622711488
28000 0.1535607493691773
29000 0.15715424425569866
30000 0.15613904542390158
31000 0.157427462205085
32000 0.15480635004689652
33000 0.15993606990715128
34000 0.15715887789203234
35000 0.15628404096826526
36000 0.15543683143677875
37000 0.15434890241429844
38000 0.15616856908021265
39000 0.15552919835126827
40000 0.15928586232724934
41000 0.15720358218146507
42000 0.15459069829883146
43000 0.15751736453977372
44000 0.15630184719658835
45000 0.15881290729173472
46000 0.15566619760854
47000 0.15772428292328716
48000 0.15573825314036632
49000 0.15861740413290945
50000 0.15740196812316573
51000 0.15646961816636376
52000 0.15991437669158642
53000 0.15677271948648566
54000 0.1546051004650548
55000 0.15275402766466287
56000 0.15878408402952177
57000 0.15729581346391514
58000 0.15806642347755928
59000 0.15709263665904397
60000 0.15860305649101153
61000 0.15443640444556844
62000 0.15364925320646897
63000 0.15794155044854055
64000 0.15648040677624345
65000 0.15539252604900897
66000 0.15633907087160756
67000 0.15695950346420645
68000 0.15631795131117907
69000 0.15535740683634067
70000 0.15779253331079027
71000 0.15205685540815636
72000 0.15987805636360033
73000 0.15758441707156876
74000 0.1579163589688684
75000 0.15580651348051056
76000 0.15713990755492513
77000 0.15568826771884967
78000 0.1563092155849545
79000 0.15621055799288758
80000 0.15591692792182527
81000 0.15828677400566493
82000 0.15848823106972576
83000 0.15684974388121162
84000 0.15346451869300137
85000 0.15563950183151898
86000 0.15480367495035766
87000 0.15899999593801625
88000 0.15541238262551585
89000 0.15499491621729353
90000 0.1568970745811218
91000 0.15348157301517198
92000 0.1563172205572236
93000 0.15584205470251836
94000 0.15535235653930765
95000 0.15506234078486425
96000 0.15845743493474176
97000 0.15637999759232088
98000 0.1587892175862549
