0 0.39425405475844355
1000 0.38319004725701455
2000 0.3878799707579104
3000 0.3799266340355642
4000 0.3799842582408044
5000 0.3791670505843422
6000 0.37819147656171737
7000 0.37940229152540644
8000 0.3881353276726333
9000 0.38338277203674304
10000 0.3816326424130088
11000 0.38086816414700325
12000 0.3809611736910214
13000 0.37703447269402723
14000 0.38639569303360166
15000 0.3808128840942427
16000 0.379083738919678
17000 0.3809824622109927
18000 0.3847280612776089
19000 0.3821401016776372
20000 0.3851683251230773
21000 0.38380512599130456
22000 0.3826415978730682
23000 0.378430651786874
24000 0.38244767900508675
25000 0.3825718055959293
26000 0.38265896160786816
27000 0.3815092874919345
28000 0.3794953478078238
29000 0.37842357247506037
30000 0.3842247373411029
31000 0.37880554998030114
32000 0.38148475055040487
33000 0.3836849454906814
34000 0.3798308186774164
35000 0.37796310656619625
36000 0.38150349054001303
37000 0.38390206289304357
38000 0.37999889807215154
39000 0.3823806428162064
40000 0.3761050809425399
41000 0.3757197127955746
42000 0.38785332096313346
43000 0.37539150446438785
44000 0.37913879725450983
45000 0.38303483733645743
46000 0.3806665256429267
47000 0.38605646598616966
48000 0.37941066972120935
49000 0.38129081267443743
50000 0.381946067954434
51000 0.37982745859382644
52000 0.3802625733460182
53000 0.37808883840613555
54000 0.3836368086607205
55000 0.38026054325905073
56000 0.3778186109373656
57000 0.3813345812167601
58000 0.38278590952398245
59000 0.38444639280362247
60000 0.3835451592663444
61000 0.38248279643614913
62000 0.3870304435079666
63000 0.3786337520840404
64000 0.37861113539240754
65000 0.38561406077459515
66000 0.3784690163969724
67000 0.38003945691452445
68000 0.3827973040708509
69000 0.38233295377806664
70000 0.37691724901832735
71000 0.3806050029268373
72000 0.3832984632147066
73000 0.3796780438396626
74000 0.37865572695460137
75000 0.3828706175355425
76000 0.3833902591502816
77000 0.38574071103236895
78000 0.3826406502007863
79000 0.38365363103704175
80000 0.38325685551942457
81000 0.3852329067935556
82000 0.38400542857105235
83000 0.38269438321467725
84000 0.37915021329456394
85000 0.3826416443499208
86000 0.38700714374489487
87000 0.38378767087446664
88000 0.3831005174051105
89000 0.383770401096015
90000 0.3794169988210339
91000 0.37916619784230093
92000 0.3811005256785604
93000 0.38217758798778634
94000 0.3855455488916952
95000 0.3812421834427145
96000 0.3875612897926286
97000 0.3781892776208426
98000 0.38154610319060167
