0 0.27982702435107837
1000 0.2749376679033831
2000 0.27076108063896964
3000 0.26632219106936145
4000 0.2609220899409593
5000 0.25620235141720166
6000 0.2531523975874958
7000 0.25221907377947195
8000 0.2493197045790428
9000 0.2429557541626601
10000 0.2402185874896214
11000 0.23974345161857144
12000 0.23809717078482795
13000 0.23262266559359457
14000 0.23250776141604632
15000 0.2272096444410794
16000 0.22429526859198648
17000 0.22300023386631523
18000 0.22030218886442918
19000 0.21667988725489798
20000 0.21725208555638045
21000 0.21450555319564513
22000 0.21201691521855096
23000 0.2096421377996601
24000 0.20866514345305487
25000 0.20824171079965212
26000 0.20699825595293425
27000 0.2008271633292399
28000 0.2029018548340517
29000 0.2006340277301865
30000 0.20004948055699015
31000 0.1934179107644551
32000 0.19953668010130055
33000 0.19486163804877502
34000 0.19348238644239743
35000 0.19222095394980251
36000 0.1910598888530362
37000 0.1884867407194917
38000 0.1922453603673505
39000 0.18501350234274241
40000 0.18559292128931226
41000 0.184598770096276
42000 0.18288025333918406
43000 0.18415031899802287
44000 0.1813994634400764
45000 0.17778824158435788
46000 0.17946703306490808
47000 0.1768516302542457
48000 0.17541728447632438
49000 0.17611419161491906
50000 0.1735492051902078
51000 0.17557171829337961
52000 0.174618074568558
53000 0.17053618283502048
54000 0.17192027442455524
55000 0.16999970421440141
56000 0.16897357992486725
57000 0.16892365542769675
58000 0.16608798817295278
59000 0.16519214814013952
60000 0.16386070529914668
61000 0.16319472438903632
62000 0.16228682167526223
63000 0.16245840974662076
64000 0.16192956908446343
65000 0.16326741333409564
66000 0.15925399613679084
67000 0.15678471744317016
68000 0.1562783887413728
69000 0.15534217734872016
70000 0.1579457807466641
71000 0.1566853062993937
72000 0.1540232975399526
73000 0.15481757858702058
74000 0.15468877468486242
75000 0.1539351404366689
76000 0.15723230896068727
77000 0.1524686434284831
78000 0.15082037028285977
79000 0.15026149633876318
80000 0.15170413994871737
81000 0.148670952815657
82000 0.14904977535797367
83000 0.14776539368731723
84000 0.1518097015422736
85000 0.1464736858530823
86000 0.14685017902204642
87000 0.14776189410741236
88000 0.14582205862401965
89000 0.1463926926368656
90000 0.14503433590801548
91000 0.14466434772034126
92000 0.1456672179771507
93000 0.14540920407174343
94000 0.143854041718732
95000 0.1454650511865447
96000 0.1427681281991332
97000 0.14246679608743057
98000 0.14192484056110768
