0 0.23591809780394135
1000 0.2333693539739636
2000 0.23584120308343887
3000 0.23296466023965143
4000 0.2316845392386905
5000 0.22859060174938048
6000 0.23001281638204035
7000 0.22822046063228904
8000 0.22818269234152436
9000 0.22737934514184738
10000 0.2303691662336956
11000 0.22705634671309055
12000 0.22835096259098642
13000 0.23191163332722955
14000 0.2246336444056449
15000 0.22761879824340447
16000 0.22750749717342875
17000 0.22714806631263282
18000 0.2306110870280978
19000 0.22537288813833442
20000 0.2308763855005867
21000 0.22535621301472364
22000 0.22675520343907662
23000 0.22954269245594935
24000 0.22807951013058722
25000 0.22933283540008775
26000 0.2240090723914341
27000 0.2260976821972417
28000 0.22732462117141064
29000 0.22065568107173167
30000 0.22743935540983123
31000 0.22777108237352828
32000 0.22987889695332459
33000 0.2258105910420396
34000 0.22633349889793394
35000 0.22813238807957323
36000 0.22785649070614902
37000 0.22631471030809971
38000 0.2249151126816151
39000 0.22748530718721263
40000 0.22551524529364644
41000 0.22913376162168977
42000 0.22876568874941544
43000 0.22353332402003986
44000 0.22420018837114383
45000 0.22888212791738552
46000 0.22633314992641262
47000 0.22997124092941437
48000 0.231610387441268
49000 0.2270056212681567
50000 0.22288871366402024
51000 0.2294033068021972
52000 0.2268501986486006
53000 0.2270366263915359
54000 0.22980944126801983
55000 0.22791905910133914
56000 0.2251115554112062
57000 0.22750753765069454
58000 0.22400306676369333
59000 0.22704227893809278
60000 0.22424135952198782
61000 0.2262220348775508
62000 0.22498741910756442
63000 0.22761632396150597
64000 0.22395435019296595
65000 0.22886213191695462
66000 0.2280706198255736
67000 0.2272154493563588
68000 0.2261181297967219
69000 0.2309616810125756
70000 0.22918390564838173
71000 0.22582288331562508
72000 0.22546983282946584
73000 0.2294523325565632
74000 0.22853115473150282
75000 0.22648038690578656
76000 0.2253741157397496
77000 0.22654352294600513
78000 0.22868516027022617
79000 0.2243573706986358
80000 0.22729786435269092
81000 0.22796374704556743
82000 0.22644660215047543
83000 0.22818803784917419
84000 0.227106418850744
85000 0.22494811226793832
86000 0.22532211855989856
87000 0.23200585119764824
88000 0.22614527960684805
89000 0.22427986523839863
90000 0.2222669460355033
91000 0.22476305522598752
92000 0.22661791691252758
93000 0.2251921799617962
94000 0.22539840990210988
95000 0.22953044478638748
96000 0.22831238644327279
97000 0.2274789101779321
98000 0.223340205752558
