0 0.2640624972267512
1000 0.23271763140297508
2000 0.2106375605292527
3000 0.2016619928417439
4000 0.19118804541140705
5000 0.18238186448674193
6000 0.1776377785032767
7000 0.17276613293790008
8000 0.17125249863033876
9000 0.1639746332453742
10000 0.16367096076469687
11000 0.16237436344871836
12000 0.160816239420173
13000 0.158006414387631
14000 0.1591463568605131
15000 0.15527015979137676
16000 0.153663787321155
17000 0.15422501557635335
18000 0.15317083617387167
19000 0.1527873377831157
20000 0.15167115653039198
21000 0.14990340835116775
22000 0.15090232195446343
23000 0.14889252967496247
24000 0.1471379212251585
25000 0.1497552424655785
26000 0.14796022114151483
27000 0.14544944091520667
28000 0.14616542929083848
29000 0.14248387231593998
30000 0.14642415109276138
31000 0.14407143722790905
32000 0.1465257185721468
33000 0.140975610084788
34000 0.13882050044219224
35000 0.14105089101123344
36000 0.14270718568563642
37000 0.13935449562635657
38000 0.14117760113741132
39000 0.14150339856641878
40000 0.1406835443741257
41000 0.13985562306472957
42000 0.14173062406003376
43000 0.13897738857449995
44000 0.1374385863759943
45000 0.13961729844139406
46000 0.13876588049482821
47000 0.1375226169832979
48000 0.1341957336182563
49000 0.1380657880917658
50000 0.13517509507455114
51000 0.13605786991607538
52000 0.1363336864093034
53000 0.13086984328867143
54000 0.1339669608219298
55000 0.13258510591703193
56000 0.13317412466498482
57000 0.1307142104975691
58000 0.13375562535555172
59000 0.13591515590926037
60000 0.13035313441601587
61000 0.13199611170340286
62000 0.13179603137124288
63000 0.13122343063893768
64000 0.13123795280939426
65000 0.13312127277783026
66000 0.12855685998092997
67000 0.12951749176945124
68000 0.12954998956495695
69000 0.12756271549208306
70000 0.12584401009052587
71000 0.12730995241613846
72000 0.12732522628036302
73000 0.12643891558384265
74000 0.12682781319891126
75000 0.12705106998732388
76000 0.12680218501188184
77000 0.12648643423344783
78000 0.1252715347310742
79000 0.12687150840172642
80000 0.12471438766199679
81000 0.12231522547706822
82000 0.12293822434802872
83000 0.12321805348440609
84000 0.12301363795110819
85000 0.1237441298156461
86000 0.1239534206928278
87000 0.12273057379816577
88000 0.12194704758686208
89000 0.11939683004660374
90000 0.12137717469049064
91000 0.1219357766424815
92000 0.12069606902031993
93000 0.12095887172748698
94000 0.1193927148453242
95000 0.11860710976067582
96000 0.12071561113366412
97000 0.12105836463690509
98000 0.12204523674460431
