0 0.2789965057860171
1000 0.2576085245877053
2000 0.24382647581301298
3000 0.22925134902493646
4000 0.21923439691476873
5000 0.2110243009463129
6000 0.20131224970841838
7000 0.20000029057315769
8000 0.19057902186387948
9000 0.1871623783274229
10000 0.18079827810030313
11000 0.17883484016043688
12000 0.17306821660431188
13000 0.16982921795939845
14000 0.16924155226577597
15000 0.165340199112236
16000 0.162939882149833
17000 0.16004700515061945
18000 0.15838906451807266
19000 0.15570826933523704
20000 0.1527715856164132
21000 0.14782921393294954
22000 0.14844102377189305
23000 0.14647231862107715
24000 0.145126011427122
25000 0.14311890474792327
26000 0.13871883798474458
27000 0.1393391667589191
28000 0.13612586410885769
29000 0.13602022065264313
30000 0.1350393566669346
31000 0.13358379462982406
32000 0.13126264137890115
33000 0.1323126342443762
34000 0.12963835428101336
35000 0.12855554531837243
36000 0.12955060508290628
37000 0.12628796232477113
38000 0.12585655690419756
39000 0.1229206310357421
40000 0.12415749552341186
41000 0.12108280408045806
42000 0.12078536117229914
43000 0.12085258283920298
44000 0.12069758270252043
45000 0.1186723919078971
46000 0.11915644066723244
47000 0.11774241184753001
48000 0.11733566364368456
49000 0.11867270229127541
50000 0.11445960229680244
51000 0.11318970940293141
52000 0.11662746913478347
53000 0.11156341290897467
54000 0.11347035541879358
55000 0.11218660963542935
56000 0.11119671153542673
57000 0.1125867469180262
58000 0.11092445051933782
59000 0.10873697245786446
60000 0.10914463513422268
61000 0.10837481383102349
62000 0.1095071679318098
63000 0.11069726397576984
64000 0.10802799905403736
65000 0.10809192744487697
66000 0.10685134962364262
67000 0.10481762335595825
68000 0.10682489798075336
69000 0.10555887571953151
70000 0.10588532401008463
71000 0.10374749087930628
72000 0.10318766706269714
73000 0.10622591236367868
74000 0.10342987079992189
75000 0.1041710543314069
76000 0.10054776353246543
77000 0.10211448309235735
78000 0.10233869163905811
79000 0.10156677767275214
80000 0.09972345245399498
81000 0.09934346122652765
82000 0.10084896463542004
83000 0.1021455401827701
84000 0.10007111934725672
85000 0.09934937581566106
86000 0.09807886460526033
87000 0.09755911150862596
88000 0.09810846678824861
89000 0.09930597923628298
90000 0.09600483776743925
91000 0.09755716206212185
92000 0.09432455647138857
93000 0.09527721352796617
94000 0.09712343726108788
95000 0.09324745560948873
96000 0.0950148007391022
97000 0.09711982761393974
98000 0.09491694987170693
