0 0.4179130085437407
1000 0.40999559076290276
2000 0.405307845348425
3000 0.4014372702473647
4000 0.4049381291840682
5000 0.40233291451486314
6000 0.40584594397944473
7000 0.40042794875370746
8000 0.40273512140685114
9000 0.4038500626598173
10000 0.4017604423723328
11000 0.4003618179720356
12000 0.40406596616664375
13000 0.40061506799589336
14000 0.40514706264813355
15000 0.39995051293495265
16000 0.39891401920658687
17000 0.40291674826678014
18000 0.396583029651707
19000 0.39922098950493046
20000 0.40327977594147546
21000 0.3967904423630727
22000 0.4012457872802138
23000 0.39874328718430957
24000 0.40050990365313693
25000 0.40156835595427537
26000 0.4014597577431382
27000 0.39653421855034215
28000 0.3971009761826248
29000 0.39842729776263464
30000 0.3978542023941411
31000 0.4028587892886496
32000 0.40033152993236043
33000 0.3977670778976345
34000 0.39953912133694236
35000 0.40078149430696963
36000 0.4000295147181216
37000 0.39876441070463536
38000 0.39883221253970413
39000 0.40086738102567376
40000 0.39896139883736614
41000 0.3996092489892809
42000 0.39665839507696704
43000 0.3958241321230874
44000 0.3989883120905009
45000 0.3965514705195936
46000 0.401147283812289
47000 0.4001142222972578
48000 0.39733408350772204
49000 0.3987004765398295
50000 0.3990445305325803
51000 0.40043972176776454
52000 0.3958541356457303
53000 0.40010964897952717
54000 0.4005807911362744
55000 0.3953733610391575
56000 0.4009168191355274
57000 0.39729277205060676
58000 0.40147795589812924
59000 0.3975265184813727
60000 0.39987960646840826
61000 0.40092915958500563
62000 0.3958060586341028
63000 0.39721508585009657
64000 0.39970096562442514
65000 0.4042283832382717
66000 0.3935176093594315
67000 0.39844489325627747
68000 0.3984394588160376
69000 0.3960104927666984
70000 0.39975522753202974
71000 0.3953996276654707
72000 0.40296110221677334
73000 0.3953663764792315
74000 0.4010638331626136
75000 0.3984448935820627
76000 0.39707814849771417
77000 0.3981535047445863
78000 0.39660861299946437
79000 0.3955574520433636
80000 0.39539999085804167
81000 0.39910354568041356
82000 0.3991699774822595
83000 0.40266647912066544
84000 0.3975234899005751
85000 0.39490509271458474
86000 0.39845608579795777
87000 0.39556608987508185
88000 0.39360816356849293
89000 0.3985749512990825
90000 0.4026796363335995
91000 0.3935540200306288
92000 0.3958554606551067
93000 0.3989923884404897
94000 0.39747283397260846
95000 0.4009885718047782
96000 0.40173686304324524
97000 0.39368802931145086
98000 0.4009876349019179
