0 0.4082234878946673
1000 0.4039773360879717
2000 0.3943365035893022
3000 0.40152056273158954
4000 0.40176322424548716
5000 0.39577538868950635
6000 0.4027771677919103
7000 0.398762997698584
8000 0.3965822669702647
9000 0.3943839482550054
10000 0.39688571347995655
11000 0.4004476027760495
12000 0.3977462483444009
13000 0.4008116344625872
14000 0.39843301026758676
15000 0.3987089944304407
16000 0.3950962060305411
17000 0.3971484641526801
18000 0.4040896922602324
19000 0.40121402011705853
20000 0.3977848126640897
21000 0.3993068734624861
22000 0.3974648086712651
23000 0.40568387454924126
24000 0.39699111585370245
25000 0.39987281140766556
26000 0.4019814280542932
27000 0.39990146544345173
28000 0.4003147309557113
29000 0.39809514687575126
30000 0.3936903971417008
31000 0.400826194942258
32000 0.3972740999804843
33000 0.39451587234695973
34000 0.39603960920477943
35000 0.3977024489062664
36000 0.4016739760959435
37000 0.3955538358396442
38000 0.3996421471932743
39000 0.3994339814848847
40000 0.3946585634774041
41000 0.4001927448618169
42000 0.4013556753452041
43000 0.4012546738888825
44000 0.39533724146382476
45000 0.3984819160241275
46000 0.39802961594447483
47000 0.4033400562054681
48000 0.40120868701644613
49000 0.39764947554791064
50000 0.398317908033613
51000 0.39885396480480884
52000 0.39971021148990105
53000 0.39420858342581616
54000 0.4016647407253997
55000 0.40536067657966707
56000 0.39724214704041494
57000 0.3925497505046842
58000 0.39857896892469746
59000 0.3986450279467263
60000 0.39721785403904164
61000 0.3981201878749037
62000 0.397865613234458
63000 0.3961511184612872
64000 0.3997237758617765
65000 0.3997648656026049
66000 0.39737175051420665
67000 0.40127343904962587
68000 0.39597744932322415
69000 0.39899795903033713
70000 0.3985400420011076
71000 0.3968925284257029
72000 0.4033272927372829
73000 0.3953950086799633
74000 0.398830391770289
75000 0.39566442660786555
76000 0.3982633991032336
77000 0.4014494708042365
78000 0.39764239707894833
79000 0.3973233872392853
80000 0.39997942083780097
81000 0.402590812498299
82000 0.3992083298690857
83000 0.3983470510656714
84000 0.39611554037421937
85000 0.40079794692574994
86000 0.3949652729730993
87000 0.3943867882954061
88000 0.3974488244291931
89000 0.4010519034641973
90000 0.40029021427127026
91000 0.39851854794204067
92000 0.3970871956947563
93000 0.39773999780624075
94000 0.39962941296300303
95000 0.39432458103099194
96000 0.3936621414221941
97000 0.3936211361392178
98000 0.40003583794076897
