0 0.23756668838352268
1000 0.2377999280929877
2000 0.23793938347870267
3000 0.23569258557653747
4000 0.22916532588329933
5000 0.23445379671233893
6000 0.22821452094735506
7000 0.2356963648438938
8000 0.23306327484851036
9000 0.23149155972684488
10000 0.23301597075614702
11000 0.22963486545819742
12000 0.23163944949336998
13000 0.229870735699923
14000 0.22738160040027824
15000 0.23515947605430665
16000 0.23195261642820816
17000 0.23131783213911342
18000 0.22873574190571289
19000 0.23245041952764375
20000 0.23029632487942703
21000 0.2279359706336028
22000 0.2312231207317012
23000 0.23528351707826572
24000 0.23105882586762014
25000 0.23607049829011614
26000 0.2317739878509945
27000 0.2324436637017404
28000 0.2319260376094318
29000 0.2338810710938013
30000 0.23326817656078688
31000 0.22925875606312446
32000 0.2335771376423591
33000 0.23064813780654106
34000 0.23183958911073613
35000 0.23364169799573026
36000 0.23162172217320812
37000 0.23123856372917584
38000 0.23401552456255323
39000 0.23003341190574741
40000 0.23242712489009723
41000 0.23075278945331526
42000 0.23090227775382885
43000 0.23612453743893552
44000 0.23202260045498502
45000 0.23394632703546617
46000 0.23446557671686794
47000 0.22999239589985696
48000 0.23355003994502532
49000 0.23263616322725245
50000 0.22888117001376368
51000 0.22705839445089432
52000 0.2329064682075455
53000 0.2327898339496792
54000 0.23236772256824917
55000 0.2324044800848039
56000 0.2343058394124668
57000 0.23352370590626825
58000 0.23371613081869802
59000 0.23373137218323983
60000 0.23587204730709704
61000 0.23520790384658824
62000 0.2289182894828129
63000 0.23219256270492813
64000 0.23232948268242373
65000 0.2305399088192549
66000 0.22998153158580387
67000 0.23303417388667
68000 0.23349509277926342
69000 0.2386462240617915
70000 0.2333579905356216
71000 0.23440955898033106
72000 0.23119101826319444
73000 0.2330027028074835
74000 0.23573903543632727
75000 0.23016288815996813
76000 0.2286022100752775
77000 0.2333668815172398
78000 0.23004981113641637
79000 0.23232653922772603
80000 0.23027810206520727
81000 0.2316908627647315
82000 0.23496645414197567
83000 0.23289485287256614
84000 0.2312499154436737
85000 0.23099179715073473
86000 0.2315433956188686
87000 0.23312730705128376
88000 0.22909155574822357
89000 0.230492826129806
90000 0.2352986465770566
91000 0.22651621582199977
92000 0.23120672147155108
93000 0.23381540052772698
94000 0.22894005517977406
95000 0.22727529065468427
96000 0.23218414506365895
97000 0.23198281119530204
98000 0.231359249587916
