0 0.39883344781260527
1000 0.39563793471128605
2000 0.3921465924128283
3000 0.3913110884694819
4000 0.3851999092473243
5000 0.3855921090719957
6000 0.38777317738915235
7000 0.38251882670545034
8000 0.38762794339351286
9000 0.3882622545865713
10000 0.3840332686863862
11000 0.3859982170008243
12000 0.3858890309608213
13000 0.3796752972347228
14000 0.3834510054843734
15000 0.38572690457730424
16000 0.38087656172137885
17000 0.38800040630286325
18000 0.38227475482037176
19000 0.3862342651180549
20000 0.3850464574119822
21000 0.3868396299155025
22000 0.38048590163467033
23000 0.38336908810331105
24000 0.38637853606810213
25000 0.38494899926507664
26000 0.3834533331608786
27000 0.38668964912851805
28000 0.38189455313167037
29000 0.38319731534074414
30000 0.3785361587030976
31000 0.38717649663763704
32000 0.3877690791560288
33000 0.3825779282210624
34000 0.39107833497358974
35000 0.3791430907609426
36000 0.38719794089591436
37000 0.38494460440422346
38000 0.3888682092325577
39000 0.378489802478807
40000 0.3843544164557958
41000 0.38420895754699563
42000 0.3834029034697377
43000 0.3882966343826494
44000 0.38437915799016664
45000 0.38361053279082824
46000 0.3800644851617658
47000 0.3855514332847521
48000 0.38421227370677835
49000 0.38088642298604874
50000 0.38026791518748665
51000 0.3829077971059944
52000 0.38144080551202114
53000 0.3839811096091863
54000 0.38265259134410073
55000 0.38279819327261927
56000 0.3809449020029703
57000 0.3790035056432358
58000 0.38272781596487737
59000 0.3857568532235518
60000 0.3845335297416004
61000 0.38425936063291266
62000 0.38283783459876525
63000 0.38177474265054917
64000 0.38071807521224327
65000 0.3862411091953486
66000 0.381429697720202
67000 0.3834609270710527
68000 0.3854429598024133
69000 0.3824055913706902
70000 0.38667049095816713
71000 0.3851287646862665
72000 0.3840847092004438
73000 0.3856424844763808
74000 0.38169991437554557
75000 0.37855797644388156
76000 0.3820747080611382
77000 0.3814934351432402
78000 0.37998069103397664
79000 0.38721315418553864
80000 0.38647167678756894
81000 0.38508613954943555
82000 0.38129305344482184
83000 0.381483375947165
84000 0.3811643169619887
85000 0.38830603174051453
86000 0.3843470961105337
87000 0.3847979134479862
88000 0.3849017441590452
89000 0.381978465030171
90000 0.3814082395870302
91000 0.3825736025211664
92000 0.38261241708614213
93000 0.38495148271199253
94000 0.38381319937447983
95000 0.38399497101232444
96000 0.38226764873201907
97000 0.3835134392738393
98000 0.38336971181922036
