0 0.2800425980738031
1000 0.28155152536333405
2000 0.2741457353920144
3000 0.27432161632311663
4000 0.2733295438755226
5000 0.2716062494161542
6000 0.2723938564700459
7000 0.27125389132861594
8000 0.27050739524020034
9000 0.2644830880142113
10000 0.26487623185045245
11000 0.26691408878029627
12000 0.2640348460337669
13000 0.25736132637667597
14000 0.2591219245170202
15000 0.25652354397378313
16000 0.2552347166281126
17000 0.2583886690793747
18000 0.25645045406409556
19000 0.25490229259734376
20000 0.2532431602999232
21000 0.2498981381767148
22000 0.25155024439458595
23000 0.24723991180813237
24000 0.24713114767482158
25000 0.2459485597583615
26000 0.2496282872037429
27000 0.24323183244960195
28000 0.24536270466402604
29000 0.2441239874866907
30000 0.24183890989349488
31000 0.2358985991879498
32000 0.23767198667112574
33000 0.23380321267881482
34000 0.2357590073656484
35000 0.2323899358141678
36000 0.23323267019044397
37000 0.23416979031347787
38000 0.23580564355445813
39000 0.23361101835856726
40000 0.2291029146123527
41000 0.22786440326623425
42000 0.22982400607652093
43000 0.2281344009923313
44000 0.2297214095705975
45000 0.22797742264491666
46000 0.22443132309772276
47000 0.22590811701125488
48000 0.22571625104651197
49000 0.22696387329069292
50000 0.22227086183019965
51000 0.22051142235061647
52000 0.2218737986236374
53000 0.22396363857556303
54000 0.2188077075952496
55000 0.22318746962376654
56000 0.22076484110414235
57000 0.22011284514457174
58000 0.21838015270296565
59000 0.21521645806192954
60000 0.2204692014341128
61000 0.21395012841724104
62000 0.21193739943288084
63000 0.21295628944365796
64000 0.21520297150196405
65000 0.20860590772132823
66000 0.20858682869909603
67000 0.21451050764742963
68000 0.21003338027406207
69000 0.21264176642650345
70000 0.20672219953083165
71000 0.20900774279034148
72000 0.20931101219870804
73000 0.20568906864003053
74000 0.20541721166749485
75000 0.20947321852877981
76000 0.20954269991909744
77000 0.20747605059469623
78000 0.2075891885458857
79000 0.201837155250991
80000 0.2021951908899442
81000 0.20490961073879405
82000 0.20392123363106168
83000 0.20066657041235061
84000 0.20117470230938445
85000 0.2033766582879329
86000 0.20246404976612553
87000 0.20200372559464794
88000 0.19948081297242337
89000 0.20031115035728
90000 0.20095660318192934
91000 0.1985322921835952
92000 0.19858410068225196
93000 0.1970096271660823
94000 0.1975527802674123
95000 0.19570275000041615
96000 0.19816822212626087
97000 0.1924170888705546
98000 0.19339051437750068
