0 0.2091234499379129
1000 0.19402162058150244
2000 0.18843787362553727
3000 0.18001590432189218
4000 0.17898673500745305
5000 0.1781127148108217
6000 0.1770514597585001
7000 0.17714140373872264
8000 0.17339884677419767
9000 0.17535536223505452
10000 0.1754691137153652
11000 0.17513118004174072
12000 0.17254639283094866
13000 0.17334868663097425
14000 0.16931594013949985
15000 0.17283169268600132
16000 0.17214236829240742
17000 0.17399721436645568
18000 0.17183374297245255
19000 0.17194000615348062
20000 0.17314392585940147
21000 0.1695292754318321
22000 0.17060244732604374
23000 0.1695025747975311
24000 0.1715299335892652
25000 0.16809268866816462
26000 0.16988937027932316
27000 0.17043320614673474
28000 0.17113642497260254
29000 0.16991118857662496
30000 0.17197972570886802
31000 0.17226440379783928
32000 0.16876946900668885
33000 0.17411520054011348
34000 0.170884711406378
35000 0.17313653966639778
36000 0.16904332025751412
37000 0.17010560364640434
38000 0.17264917724386883
39000 0.17262705825244778
40000 0.1742177433635835
41000 0.17163323221976665
42000 0.16815126929548113
43000 0.17224043224214858
44000 0.1707498881183335
45000 0.1742558952234401
46000 0.17311696833923862
47000 0.1711234216469749
48000 0.16924114784062477
49000 0.17243272224257805
50000 0.1708063275963122
51000 0.1678727759715395
52000 0.17016237531782447
53000 0.17052533545753246
54000 0.16845019711418988
55000 0.17185145576553748
56000 0.17397586791824377
57000 0.1688586009175789
58000 0.17187000927939727
59000 0.17138245638467584
60000 0.1716338976349919
61000 0.17116756481107256
62000 0.1681577806580808
63000 0.17060682893345347
64000 0.1723810593848227
65000 0.1716779750715468
66000 0.16917064310223728
67000 0.17157281804518587
68000 0.1715892943696073
69000 0.1723650548968614
70000 0.1708623501489889
71000 0.16992275887503705
72000 0.16839215579927605
73000 0.16988920050013984
74000 0.16923734756981537
75000 0.17140856824590414
76000 0.17026774931742883
77000 0.1728356683162389
78000 0.17117493250339383
79000 0.1686300937298399
80000 0.1719851782179958
81000 0.1722616437862976
82000 0.17118946734685533
83000 0.1708126289092759
84000 0.1707028876004128
85000 0.1699938656140457
86000 0.17135015957204758
87000 0.17490140007356383
88000 0.17091781819697413
89000 0.17200016457265022
90000 0.17137275813475636
91000 0.1708351834334712
92000 0.17156386218454364
93000 0.1666651702296848
94000 0.17386617560955864
95000 0.17016202206787512
96000 0.17098661335177684
97000 0.17109449717687755
98000 0.17556951573578206
