0 0.289398614896758
1000 0.28430663274094525
2000 0.28320737114120637
3000 0.27787899794598436
4000 0.2755767844659447
5000 0.27263081917719906
6000 0.27925537071247386
7000 0.2756814284983229
8000 0.2740000716916508
9000 0.2705918234667179
10000 0.2664217323934166
11000 0.26342199581209674
12000 0.2635697738546279
13000 0.26462779450328106
14000 0.2620087798615979
15000 0.26014645692741384
16000 0.2621011595667948
17000 0.2584066783231211
18000 0.2568293529829669
19000 0.25663062883963295
20000 0.2521945700015019
21000 0.2575644033903648
22000 0.25693940275274973
23000 0.249900216212046
24000 0.252097713505416
25000 0.25158789338082593
26000 0.24664236035855022
27000 0.24752641319962534
28000 0.24266666747462246
29000 0.24804417888663394
30000 0.24122882160201545
31000 0.24321016482183885
32000 0.24599684004169767
33000 0.24613557460477636
34000 0.24115061220017567
35000 0.2382949637396809
36000 0.2406899429734252
37000 0.23776588807868027
38000 0.2363313696606055
39000 0.23595514855391478
40000 0.23735784052991848
41000 0.23623039135984353
42000 0.23341001577122722
43000 0.23044824597605854
44000 0.23302000304515225
45000 0.22740366855117514
46000 0.2287733922097388
47000 0.23023926682169538
48000 0.22519519780529723
49000 0.22394743154711422
50000 0.2252724463471692
51000 0.22628833209767404
52000 0.2276696278273814
53000 0.22193438042267558
54000 0.22015947774805253
55000 0.2230706921412006
56000 0.219611619037268
57000 0.21843480823307662
58000 0.21532761321233923
59000 0.21473838704934564
60000 0.21575756979704735
61000 0.21599736370606196
62000 0.21458719893612702
63000 0.2142635980610956
64000 0.21530809747853688
65000 0.21385703877178372
66000 0.2132706154268781
67000 0.2134709104423312
68000 0.2136963573296648
69000 0.21503677681220723
70000 0.211454125550386
71000 0.2087895982455284
72000 0.21506793496555562
73000 0.21289914771956767
74000 0.20880700592558615
75000 0.20567042187684817
76000 0.20773400317297713
77000 0.2087630671521426
78000 0.20472058048999667
79000 0.2086388414195018
80000 0.20697758546130615
81000 0.2045736635188796
82000 0.2054274289072908
83000 0.20224704814476005
84000 0.20515511716635243
85000 0.202385071487278
86000 0.2040995662378442
87000 0.20285718920479204
88000 0.20018007020398215
89000 0.20163501055452657
90000 0.20047555826035876
91000 0.200870360147982
92000 0.20009716708609585
93000 0.19768393779406335
94000 0.19309439958789817
95000 0.1952450658770017
96000 0.19468415784356805
97000 0.19457047737558877
98000 0.19532878401506057
