0 0.18432454043190483
1000 0.11637759391461447
2000 0.09924393940647222
3000 0.08940857419516941
4000 0.08160253962230991
5000 0.07660640606151396
6000 0.07504522140465678
7000 0.07045505840232598
8000 0.06998527913733066
9000 0.06869009842464632
10000 0.0672001860977296
11000 0.06595708068192968
12000 0.0631218363954193
13000 0.06396052503297042
14000 0.061378877321739536
15000 0.061783087379712255
16000 0.06340901547192374
17000 0.06113147860838082
18000 0.06028678554987896
19000 0.060439426357937115
20000 0.06070197540513894
21000 0.06057236489074297
22000 0.059371094157213866
23000 0.05851040999890755
24000 0.05876035385928628
25000 0.05943966647555864
26000 0.05945236519731918
27000 0.057240091043210074
28000 0.05889324588050877
29000 0.056677227074657825
30000 0.05780616958781324
31000 0.05758555167175843
32000 0.05549953722572048
33000 0.05851404999934433
34000 0.05798023104493565
35000 0.05710234022833295
36000 0.057817874048563735
37000 0.05648905357340956
38000 0.056772765796757475
39000 0.057413893421362765
40000 0.057318488758613534
41000 0.057220973120110576
42000 0.0567703861674049
43000 0.05703299319109182
44000 0.056037022442032465
45000 0.05561432635687244
46000 0.058007878037973956
47000 0.05560542934433158
48000 0.055805503685279895
49000 0.05516927507493406
50000 0.054670409665265235
51000 0.05633207838447902
52000 0.05446823880015713
53000 0.05625630228136907
54000 0.05571411688253811
55000 0.05456167173496018
56000 0.055162433554943976
57000 0.05706520806630664
58000 0.0568762460176396
59000 0.056494435189387925
60000 0.05616282470149456
61000 0.05518244660552881
62000 0.05426004883484704
63000 0.05478267265204624
64000 0.055490728894426536
65000 0.05621268126415343
66000 0.054931250136346185
67000 0.054238504269244425
68000 0.054895144488908594
69000 0.05402195475167839
70000 0.05543708226557022
71000 0.05574596719560627
72000 0.05443519293373531
73000 0.05427780066803433
74000 0.05360966674109837
75000 0.0541109494405108
76000 0.05492636556133168
77000 0.05505467309111814
78000 0.05466407703626202
79000 0.054150656888364616
80000 0.054863204999830745
81000 0.05439293505640446
82000 0.05508649921050144
83000 0.05455347398901103
84000 0.05516226282952312
85000 0.05462170290177704
86000 0.05450602224283916
87000 0.05462078024469151
88000 0.05425865787091284
89000 0.0546979674256534
90000 0.055028365757299316
91000 0.05515933081797911
92000 0.05422233049853419
93000 0.053153336266952476
94000 0.054312952253285945
95000 0.054398616744951334
96000 0.05404652883594868
97000 0.05495420009244678
98000 0.0542797759935117
