0 0.22619313200940486
1000 0.1636089903399402
2000 0.13942303921198865
3000 0.12727156943672002
4000 0.122416111462645
5000 0.11780126590339692
6000 0.11395449301115353
7000 0.11089201979141007
8000 0.10947087227177967
9000 0.10820440960466138
10000 0.10388948643228751
11000 0.10482527259689581
12000 0.10441556914139102
13000 0.1038586948192521
14000 0.1031405155268002
15000 0.1042564506860614
16000 0.10374765184020233
17000 0.10191577981745578
18000 0.10243264353781369
19000 0.10172299521423014
20000 0.10330830400825972
21000 0.10397387626309856
22000 0.102932400784574
23000 0.10086914023847374
24000 0.10105179176868342
25000 0.10008232835402861
26000 0.10242835191976296
27000 0.10232617906474605
28000 0.10368527352364482
29000 0.10285721848682178
30000 0.10230269878956502
31000 0.1022944686621075
32000 0.10253348696222496
33000 0.10014545871911959
34000 0.10143064716702607
35000 0.1012181830106437
36000 0.09870488501253721
37000 0.10369365170004022
38000 0.09980318603927552
39000 0.10011730927929026
40000 0.10171200216545553
41000 0.10133494648774803
42000 0.10056694000446396
43000 0.10264674906234307
44000 0.09853696202306977
45000 0.10001020734401948
46000 0.10131902996994148
47000 0.10087432426316183
48000 0.10387523483245804
49000 0.10201173545237385
50000 0.10165895777613101
51000 0.10084610143611228
52000 0.09891153976013695
53000 0.1004172311016047
54000 0.10292064338436116
55000 0.10163083373128488
56000 0.10084951193194358
57000 0.10012264900366585
58000 0.1001280365980899
59000 0.09994959926290972
60000 0.10084417862313201
61000 0.10215338904054722
62000 0.09831738234588201
63000 0.09951580519794857
64000 0.09845356664747153
65000 0.1006062601842515
66000 0.09958090900039542
67000 0.10039174058603875
68000 0.09871205763331614
69000 0.10216715348087685
70000 0.09942917862169988
71000 0.0999699139431175
72000 0.09965955684968784
73000 0.10051896845451287
74000 0.10059920590003976
75000 0.09891994172581357
76000 0.09885901499019063
77000 0.09984296254558618
78000 0.09727683542207029
79000 0.09885116126621755
80000 0.10061871615550406
81000 0.10015402747648014
82000 0.10016930901625455
83000 0.09908754579987201
84000 0.10073586108264702
85000 0.09820551460980881
86000 0.09987818181816767
87000 0.10011604834444793
88000 0.09837165063611857
89000 0.09883604372437048
90000 0.09678734664325239
91000 0.09960538751263857
92000 0.09932529390317255
93000 0.09664790420046801
94000 0.0995531629280824
95000 0.09645906111239215
96000 0.09794421550501414
97000 0.09815507675317256
98000 0.09805489557094232
