0 0.22819810224264653
1000 0.21901511488378797
2000 0.2125807919573565
3000 0.21030707393780265
4000 0.20738791133824414
5000 0.20842794195931058
6000 0.201494092118994
7000 0.20306741942727302
8000 0.20570362377602566
9000 0.2017173130218667
10000 0.20133882417420562
11000 0.20085527913187523
12000 0.20033677694602633
13000 0.20360618653947848
14000 0.19881967782280563
15000 0.20317384655837717
16000 0.20105556279996134
17000 0.1991688934684243
18000 0.19851222301603513
19000 0.20203943868514979
20000 0.20020545956113517
21000 0.20129484645233325
22000 0.20177703610357078
23000 0.20122796817673272
24000 0.20068030526030078
25000 0.19800739772871534
26000 0.20055470591559998
27000 0.2049604021532308
28000 0.20385641626178866
29000 0.20232644018200252
30000 0.2030025614840363
31000 0.19882234589464642
32000 0.19942469332203047
33000 0.20058062026896942
34000 0.19711631981051045
35000 0.20155525256103857
36000 0.20100136238530755
37000 0.19919673891988895
38000 0.19798484893423612
39000 0.19998332912978153
40000 0.20138585091107739
41000 0.20286816507382383
42000 0.20006306643903504
43000 0.20349413140588957
44000 0.20128344551704888
45000 0.2003302994506734
46000 0.20122239499421574
47000 0.20129149895561768
48000 0.2023704559229534
49000 0.20226966154728226
50000 0.2033810349336343
51000 0.20179817205789974
52000 0.20186558644019367
53000 0.19934918344645797
54000 0.2007522617284257
55000 0.20022583455844029
56000 0.19875484246223712
57000 0.1995247837143589
58000 0.19781794027605262
59000 0.20220165692917139
60000 0.20094596712763035
61000 0.19799166822710595
62000 0.20273166562729839
63000 0.2019452497857001
64000 0.202572331775385
65000 0.19911479241290814
66000 0.19982734906680583
67000 0.2023399557904625
68000 0.2025773868639347
69000 0.19904680008995398
70000 0.20118251752892266
71000 0.1986969976181561
72000 0.19898786159291315
73000 0.20016213166242097
74000 0.2028067105087173
75000 0.20326778263854972
76000 0.20234384715391276
77000 0.20122161980158204
78000 0.1992954768819472
79000 0.19844471037040368
80000 0.20003155168305514
81000 0.1995205258898477
82000 0.20055830460949065
83000 0.19864290786890826
84000 0.2022087967981374
85000 0.19235615592073116
86000 0.1968646116509486
87000 0.1981493513874269
88000 0.19838821445252933
89000 0.20334203264228135
90000 0.20330652551987552
91000 0.19991834351857726
92000 0.19905303574000258
93000 0.19914740041356488
94000 0.20211617820207295
95000 0.2006086379698224
96000 0.1997744593651186
97000 0.2003683822636122
98000 0.19929659448405557
