0 0.2478507121852678
1000 0.20681313553502403
2000 0.18022362768471953
3000 0.17287178816676593
4000 0.16082738297745272
5000 0.15164351091763176
6000 0.1512120592443259
7000 0.14453517085284734
8000 0.14155394817754638
9000 0.1427071988047411
10000 0.13987676538479965
11000 0.13883848493943243
12000 0.13763374527758418
13000 0.13715406348892611
14000 0.1335795057904622
15000 0.13444442863043093
16000 0.1354536256444287
17000 0.1351104232648036
18000 0.13601661275778482
19000 0.1342737000767506
20000 0.13416302960500925
21000 0.13381321027607712
22000 0.13131120555123016
23000 0.135006691300009
24000 0.13278191585276125
25000 0.13251290880406885
26000 0.13230927720794922
27000 0.13489784432200794
28000 0.13188280606443203
29000 0.1322797034172467
30000 0.13449217058536583
31000 0.13271527667817506
32000 0.13238833373471476
33000 0.1354260801275744
34000 0.12945444529883696
35000 0.1313215572245669
36000 0.12893222479643993
37000 0.13211316926701894
38000 0.1318123089803499
39000 0.13402109393341893
40000 0.13326222893540357
41000 0.13204033990673064
42000 0.13348940093334877
43000 0.1322870738357386
44000 0.12997563143944088
45000 0.13316027951467027
46000 0.1307160997393546
47000 0.13255574389723512
48000 0.13269323512652006
49000 0.1308246073802208
50000 0.1304950294752856
51000 0.12659964684915714
52000 0.13006265595228808
53000 0.127876986468624
54000 0.1330947543250509
55000 0.12878452210683178
56000 0.13165729910111
57000 0.13107230269957412
58000 0.13349232451535117
59000 0.13293029768765796
60000 0.13033116347569296
61000 0.13071220123233337
62000 0.1301165617814991
63000 0.13149541616655244
64000 0.13000252142523308
65000 0.12756666358764066
66000 0.13445491574565935
67000 0.13131930354550111
68000 0.12829173903630509
69000 0.12804903195855138
70000 0.12798046685703734
71000 0.1306634093992867
72000 0.13041662198480997
73000 0.1290336765607918
74000 0.13057504258028785
75000 0.13064988245894113
76000 0.13154485559135132
77000 0.13110145705087486
78000 0.13051500272208597
79000 0.1314981787474846
80000 0.12584536077951072
81000 0.13204103268736453
82000 0.13005241003528376
83000 0.1267289846750183
84000 0.12738714549222926
85000 0.12982659921316395
86000 0.13002892012692632
87000 0.1298910454314198
88000 0.12840564023543177
89000 0.13096016697457905
90000 0.12787056499377336
91000 0.12838827524459057
92000 0.12882553066158528
93000 0.12871518456864522
94000 0.12960976638401306
95000 0.13103397609762762
96000 0.13013059531018947
97000 0.1322974216491933
98000 0.1295700451881499
