0 0.23652700394710804
1000 0.17880358595581916
2000 0.14772860883122133
3000 0.12996508184510192
4000 0.12038614356564871
5000 0.11109557763711454
6000 0.1069853243628016
7000 0.09912030673963303
8000 0.09537850030635958
9000 0.09253715059941156
10000 0.08898462628226544
11000 0.08716984950281242
12000 0.08373179290663758
13000 0.08185903092106392
14000 0.08076600135551815
15000 0.07824159384297596
16000 0.0784383956670227
17000 0.07666403013475494
18000 0.07675948509879149
19000 0.07437949209963297
20000 0.0738168455583375
21000 0.07267863602745014
22000 0.07399736826817871
23000 0.07223079892107666
24000 0.07080166053874536
25000 0.07094258046669968
26000 0.06918448623110242
27000 0.07094569174953708
28000 0.06948108910934195
29000 0.06797002812207145
30000 0.06746237279893347
31000 0.06778303208593096
32000 0.06599860380068774
33000 0.06573546678743204
34000 0.06559405295884443
35000 0.06728618583393313
36000 0.0652927273431964
37000 0.0649859838622052
38000 0.0649716124474005
39000 0.06517380878459234
40000 0.0649244252400396
41000 0.06439963488754769
42000 0.0651361727858677
43000 0.06459828028712543
44000 0.06416614086099204
45000 0.06254694371915008
46000 0.06327513598051751
47000 0.06318775393588137
48000 0.06268224540456044
49000 0.06161750281037369
50000 0.06276595108925895
51000 0.0616264203174084
52000 0.06279558205421858
53000 0.0606526727674205
54000 0.0622926985897781
55000 0.060638555931235016
56000 0.060538714564839946
57000 0.05979740369635285
58000 0.06033758787165946
59000 0.05878292179269444
60000 0.062050106493223824
61000 0.06076334640115121
62000 0.06050163309953148
63000 0.06061735551576942
64000 0.0597666958882315
65000 0.060546816471185955
66000 0.05978010744674906
67000 0.06119681530335232
68000 0.060145629007915355
69000 0.05978659533361407
70000 0.060500067296533955
71000 0.060499607606351154
72000 0.05988667920094869
73000 0.059053512409988976
74000 0.058381584003306876
75000 0.05898515271253515
76000 0.061143469425287165
77000 0.05850271511010789
78000 0.0595768278628597
79000 0.05953787144995885
80000 0.05967800967728202
81000 0.0590662502084932
82000 0.05914721370345716
83000 0.05974858481136327
84000 0.05875290926474997
85000 0.05820052617824982
86000 0.058085280078767634
87000 0.057513543437850326
88000 0.05827449432443406
89000 0.058228690479634644
90000 0.05670073974406649
91000 0.05637424218645094
92000 0.05796012774611188
93000 0.0571077580950722
94000 0.05976833634314768
95000 0.05817404472160044
96000 0.06021437091378009
97000 0.057815585512564646
98000 0.056579040258568705
