0 0.25384179976967824
1000 0.21325202309382935
2000 0.1883452676942859
3000 0.17207847605288443
4000 0.1595123621824243
5000 0.1475453181999598
6000 0.14102245683772385
7000 0.13506328900144793
8000 0.13175679671602658
9000 0.12492560156020534
10000 0.12165300252929195
11000 0.11914126760419927
12000 0.1150503537403641
13000 0.11658824789648758
14000 0.11335775438291615
15000 0.1081361906549838
16000 0.10885688983846736
17000 0.10855431451209002
18000 0.10419830592793217
19000 0.1036872147511653
20000 0.10368159736377511
21000 0.09993402834618785
22000 0.09925349796176759
23000 0.09807246070534247
24000 0.09708474839213327
25000 0.09531259232493666
26000 0.09527574592795585
27000 0.0930609947656262
28000 0.09160261069498837
29000 0.09043970708149385
30000 0.08955331001315901
31000 0.08960002105942311
32000 0.08866425431734141
33000 0.08651291634118671
34000 0.08701322163566219
35000 0.08823348837946826
36000 0.08522030694816114
37000 0.08619873534595458
38000 0.08477991792362838
39000 0.08613271944697658
40000 0.08502562893847353
41000 0.08414140507545056
42000 0.08417702631714782
43000 0.08352900670296731
44000 0.08324498261923859
45000 0.08372123209946075
46000 0.08019332101513223
47000 0.07869740258081986
48000 0.07931306510936663
49000 0.0802427578910463
50000 0.08056951765148695
51000 0.08043359258761099
52000 0.08064333837082488
53000 0.07899498806429824
54000 0.07928355105965744
55000 0.07920341206316492
56000 0.07904416760907057
57000 0.07775972816859361
58000 0.07976644049842875
59000 0.0774779973990424
60000 0.07842676599555916
61000 0.07662680949097082
62000 0.07647524195475336
63000 0.07700236344376844
64000 0.07593941604232174
65000 0.07561574152177954
66000 0.07663380376342369
67000 0.07402089701177489
68000 0.0758652144228309
69000 0.0755840231283679
70000 0.07409727872739633
71000 0.0733182551740153
72000 0.07412105614945594
73000 0.07267527047653821
74000 0.07323256332067879
75000 0.0737625068854506
76000 0.07392372916243571
77000 0.0741755527304119
78000 0.07371085934836913
79000 0.07364823679781012
80000 0.07226275623323772
81000 0.07122131472675595
82000 0.07254115196943432
83000 0.07292682027477103
84000 0.0712967414678725
85000 0.07195023060324958
86000 0.07029902720049266
87000 0.07214753523320296
88000 0.07002932453618019
89000 0.07019604171948698
90000 0.0689689943025855
91000 0.06960512609255069
92000 0.07140885351423418
93000 0.0685596838330075
94000 0.07061350547398218
95000 0.06950527011389589
96000 0.06990683677855342
97000 0.07090471782611144
98000 0.07103659355870082
