0 0.20815070248904557
1000 0.1942080721986664
2000 0.18214363160418665
3000 0.1825157486486275
4000 0.17698620328843012
5000 0.17803063005032946
6000 0.1728935660257566
7000 0.17323876402836347
8000 0.1736712621878547
9000 0.17285904151766693
10000 0.17276427732446437
11000 0.17370860705055238
12000 0.1731999852819308
13000 0.17142972020415453
14000 0.16618531232195977
15000 0.17276803990527875
16000 0.16821473656157657
17000 0.16989958441947
18000 0.17030767018036308
19000 0.1704732335659022
20000 0.17148676713917632
21000 0.17237133918585446
22000 0.17204087404428733
23000 0.17000384714717387
24000 0.16863090150926938
25000 0.1683453639931385
26000 0.17021941715618258
27000 0.1681359620596582
28000 0.16583797530611769
29000 0.16951857384571326
30000 0.1675897838187824
31000 0.17150882737768264
32000 0.17306216052450588
33000 0.17097780889728006
34000 0.17162270356736362
35000 0.1678565878890409
36000 0.17087649186354048
37000 0.1695136590899573
38000 0.1690538284559133
39000 0.17147453703006071
40000 0.17136968853427967
41000 0.16995932137265338
42000 0.1678429175272107
43000 0.168869700121102
44000 0.17062478590944505
45000 0.16899396429646782
46000 0.17112531626151312
47000 0.17090759392450067
48000 0.17167904791717292
49000 0.16964232810865323
50000 0.16974603380433986
51000 0.16966747110284416
52000 0.16931309820009563
53000 0.16861990350310813
54000 0.17011404030918326
55000 0.17121554037652878
56000 0.17123252086325721
57000 0.17295070197260373
58000 0.17215817675868994
59000 0.17023851147832886
60000 0.17004445649839725
61000 0.1704963801823931
62000 0.1705693908312961
63000 0.16973188673872336
64000 0.17027632078077226
65000 0.17299663705597598
66000 0.16832851029633356
67000 0.17012694296753914
68000 0.1705238706571131
69000 0.17033775064884954
70000 0.16969319363643406
71000 0.16955690254598735
72000 0.1703350591484457
73000 0.17005643197709272
74000 0.16995763644035755
75000 0.16795294832989466
76000 0.1692288877847789
77000 0.16771741940688362
78000 0.17221211971864558
79000 0.1698746323432932
80000 0.17058508647047602
81000 0.17192267857849164
82000 0.17014420409429107
83000 0.1723426078890419
84000 0.16990002007189223
85000 0.169395133365962
86000 0.16704894562531003
87000 0.1685538209756621
88000 0.1698028200145296
89000 0.1695540489771058
90000 0.1702584488669365
91000 0.1659818543517948
92000 0.1706604353840117
93000 0.16940744404603816
94000 0.16781047154417092
95000 0.16787954679101624
96000 0.17002399861316808
97000 0.16759657282102314
98000 0.16873601440288916
