0 0.18571941597589867
1000 0.11715587705099641
2000 0.09828846101761352
3000 0.08689334022074126
4000 0.08175639244340735
5000 0.07718752283059055
6000 0.0734630851716796
7000 0.07363811020188593
8000 0.06978691012102928
9000 0.06701487106368172
10000 0.06641556865447275
11000 0.06539530818212334
12000 0.06490307312189075
13000 0.06464639686705217
14000 0.06331049624854018
15000 0.06205052497475048
16000 0.06213605659295371
17000 0.06132684797965998
18000 0.06038049225469497
19000 0.06125288451769664
20000 0.060596374272119
21000 0.05945656828496503
22000 0.05942429477421195
23000 0.0595583007525844
24000 0.06022469782278308
25000 0.05897292687924904
26000 0.05887979592522123
27000 0.05663683562707217
28000 0.05738638910134936
29000 0.05803085121525966
30000 0.05790808521198118
31000 0.05601248224323735
32000 0.05748468971635115
33000 0.05716561301180854
34000 0.057715974301909265
35000 0.05548723173515274
36000 0.0580664509348286
37000 0.056180323649399816
38000 0.058019857624646815
39000 0.05658136567612426
40000 0.0559544367654838
41000 0.056713186864452696
42000 0.05634801208886052
43000 0.055289167553505054
44000 0.05483725269258982
45000 0.056156388414037604
46000 0.055876062062483356
47000 0.055994973455654594
48000 0.05545065838232916
49000 0.05603020423356669
50000 0.05702573217531381
51000 0.05549536855085437
52000 0.05590462846831037
53000 0.05540856697621849
54000 0.05470693869769036
55000 0.05634923492292208
56000 0.05603952214447701
57000 0.05507782807642848
58000 0.05544364559814248
59000 0.055417456119564
60000 0.0553096357459547
61000 0.05692257630483517
62000 0.05511130969020202
63000 0.05478581887805285
64000 0.0533349887887451
65000 0.054223451536303965
66000 0.05486803986595706
67000 0.05491735105794313
68000 0.05607918389749291
69000 0.05488324753069447
70000 0.05452565894270811
71000 0.054777597310687556
72000 0.0544844511448409
73000 0.05437403668316035
74000 0.054099163912710004
75000 0.054537286400581045
76000 0.055406236705774374
77000 0.053652144738317586
78000 0.055403865712929434
79000 0.054277221138232565
80000 0.05379534865343035
81000 0.054575841443670815
82000 0.05562299475696359
83000 0.053868352273445684
84000 0.05412015907011385
85000 0.05533990760715364
86000 0.05430201548995615
87000 0.0546068551998917
88000 0.05494160877878083
89000 0.05511697662471559
90000 0.05366217126477908
91000 0.053765753249122666
92000 0.05477756201493038
93000 0.05420130097452855
94000 0.05467830004659551
95000 0.054722615394229505
96000 0.054613302789176865
97000 0.055971634175935134
98000 0.05516916770110192
