0 0.2446338387682422
1000 0.19514427184969982
2000 0.16801388371075274
3000 0.154168172961558
4000 0.14691781132319082
5000 0.14245133020419667
6000 0.13662361009776114
7000 0.1320024599253647
8000 0.12980291274123487
9000 0.12717020726780132
10000 0.12496647415909966
11000 0.12394291050627106
12000 0.12355123221146004
13000 0.11990214109749232
14000 0.11800972296712779
15000 0.11980589259435
16000 0.12066289408168134
17000 0.11738104156222232
18000 0.11671447933193525
19000 0.11758995201991546
20000 0.1183370956319401
21000 0.11551411135198149
22000 0.11681571997445361
23000 0.11403475614558911
24000 0.11440284854905096
25000 0.11619057887455496
26000 0.11698520382714811
27000 0.11688862816536606
28000 0.11412182899153395
29000 0.11308563696868693
30000 0.11369701638609524
31000 0.11427915234729728
32000 0.1131931928638194
33000 0.11582799299720933
34000 0.11348596957388705
35000 0.11172300648834228
36000 0.11385183682178536
37000 0.11308514666435095
38000 0.11313615452776571
39000 0.11116716786319429
40000 0.11192806351533571
41000 0.10919343228166946
42000 0.11114850983342411
43000 0.1113566003305362
44000 0.11241692621022381
45000 0.11205367985466876
46000 0.1093441410695395
47000 0.11194918250729043
48000 0.11165572980535671
49000 0.10861939764413715
50000 0.10889816347492377
51000 0.11148264923219738
52000 0.11072323263961578
53000 0.10971740124693641
54000 0.10604670662341455
55000 0.10786136244623994
56000 0.10783743437584502
57000 0.10838883340084964
58000 0.10799966138127294
59000 0.10735928637647393
60000 0.10831834391620615
61000 0.1094610425454789
62000 0.10608681750580631
63000 0.1063691911965002
64000 0.1069673679058684
65000 0.1067329924859883
66000 0.11046497135847068
67000 0.10755729742333182
68000 0.10682126765118685
69000 0.10929313449903344
70000 0.10826849264258082
71000 0.10746116290326596
72000 0.10696785262217479
73000 0.10726850448422692
74000 0.10438274234867581
75000 0.1073432611559788
76000 0.10588989647229445
77000 0.10770442464375204
78000 0.10458553140163113
79000 0.10408006846996129
80000 0.10566286939053349
81000 0.1057874274464427
82000 0.10408064306110658
83000 0.10530635146443483
84000 0.10553141710380792
85000 0.10669198652532645
86000 0.10427062511712554
87000 0.10399290857530748
88000 0.10321001516325456
89000 0.10543484153974159
90000 0.10349725786397658
91000 0.1055190799225349
92000 0.1034066570187192
93000 0.10303634838980072
94000 0.102562568354741
95000 0.10325611834865382
96000 0.10704036113507541
97000 0.10353603053873271
98000 0.10447970160740658
