0 0.36762253870579203
1000 0.3352720606140385
2000 0.31265968722318854
3000 0.30175290584167075
4000 0.2889346888510284
5000 0.2790980484275457
6000 0.271731987434532
7000 0.26826644931379373
8000 0.2595819143622336
9000 0.25760816736762315
10000 0.25328126909450466
11000 0.253954045059042
12000 0.25201718258823874
13000 0.2503281263052238
14000 0.2479312878264518
15000 0.2466132537175753
16000 0.24464963808343115
17000 0.24772933952154766
18000 0.24465266027710098
19000 0.24548884823366263
20000 0.24185784820483552
21000 0.2426664984089335
22000 0.24393453688350317
23000 0.24081830671717178
24000 0.24831832374830107
25000 0.24454758167418592
26000 0.2472008497162115
27000 0.24496696137496116
28000 0.24344423876017784
29000 0.24334249375725353
30000 0.241728668891359
31000 0.24387284771443407
32000 0.24409224324597228
33000 0.24248367105416574
34000 0.2455099305973626
35000 0.24385650707568585
36000 0.2444992616685135
37000 0.24243560702861586
38000 0.24309293761880013
39000 0.2439514400271561
40000 0.24577508741264606
41000 0.24703878826846717
42000 0.24122248376757952
43000 0.2419733647051094
44000 0.24489843756338123
45000 0.24157234229844277
46000 0.2416489583320821
47000 0.2445154855090793
48000 0.24071159689606972
49000 0.24250394633924943
50000 0.24174216357781217
51000 0.24098445926760065
52000 0.24749118665912295
53000 0.23975670203154173
54000 0.24561523924247586
55000 0.24392582066002938
56000 0.2453677487236959
57000 0.24351763937283746
58000 0.24514004120724567
59000 0.2418504989635346
60000 0.23917054445455463
61000 0.24466142010313302
62000 0.24477083718994436
63000 0.2416895262128212
64000 0.24147563077272352
65000 0.24224359324864334
66000 0.24449138923331476
67000 0.24288455268789746
68000 0.24608937679608334
69000 0.24286806849902462
70000 0.2415720856204343
71000 0.24443573955522527
72000 0.2451305488516006
73000 0.24133461294856087
74000 0.2450701439082963
75000 0.2448262815298151
76000 0.24826138672145126
77000 0.2462384386598699
78000 0.24647743884419815
79000 0.23987145274368377
80000 0.24478439319048206
81000 0.2477600900061311
82000 0.24230177986123838
83000 0.2452132842408895
84000 0.2456819560465253
85000 0.24456837858934366
86000 0.2395042043228547
87000 0.24384100776281162
88000 0.24049828213957028
89000 0.24332336435311905
90000 0.24562365953652576
91000 0.24304958586094877
92000 0.24112975970048442
93000 0.24353540013137284
94000 0.2451824505309312
95000 0.2433153913532323
96000 0.23962078906883652
97000 0.2439192454555373
98000 0.23979168953530108
