0 0.36667005905846417
1000 0.363566102576012
2000 0.3600865857927477
3000 0.3599423888105941
4000 0.36010183937782847
5000 0.35528541907361594
6000 0.36050435799130875
7000 0.3579492294555422
8000 0.35452601572580755
9000 0.3531765714556316
10000 0.35409785589835413
11000 0.35671316862115565
12000 0.3547458802134145
13000 0.34979866563337675
14000 0.3556839339934196
15000 0.349792760162549
16000 0.3507450740352426
17000 0.3514851981430245
18000 0.351417148154817
19000 0.35107778442528537
20000 0.34902593347428146
21000 0.34868271596504075
22000 0.35146700992327906
23000 0.3490543492548421
24000 0.34773360178464435
25000 0.3491214475421495
26000 0.3495359172639985
27000 0.3467170689900873
28000 0.350013205142442
29000 0.3504153023428841
30000 0.3464827328149996
31000 0.34873846072971837
32000 0.3474787609034886
33000 0.3488751585566142
34000 0.34976330838282854
35000 0.34820383112782927
36000 0.34618193899517813
37000 0.34743390649457007
38000 0.3454283327422319
39000 0.3446891616227341
40000 0.3510681705005539
41000 0.34917352179523137
42000 0.34462507065712655
43000 0.3458909872739671
44000 0.3434703069715349
45000 0.34249893137657295
46000 0.3458039198844285
47000 0.34447954217653354
48000 0.345067444581586
49000 0.34237657035685554
50000 0.33907379877827337
51000 0.34700060604470534
52000 0.34147537814117873
53000 0.3380422550559722
54000 0.3383756435046681
55000 0.33732094956581593
56000 0.34170152023934236
57000 0.33961892128399357
58000 0.3439988469972115
59000 0.3389218075828643
60000 0.3428889537002488
61000 0.3373970103281341
62000 0.33771500160362977
63000 0.34430749843697184
64000 0.34351730906357575
65000 0.3404431579196903
66000 0.3398145417834491
67000 0.3426395661888546
68000 0.33985440101398967
69000 0.3356950440914256
70000 0.3430130739012295
71000 0.3354382997410685
72000 0.3389313636643566
73000 0.3366818135013616
74000 0.33852891111136235
75000 0.33954274978859195
76000 0.33592907253436194
77000 0.33651890513017507
78000 0.3363238127787334
79000 0.3330921427726258
80000 0.33739860348557216
81000 0.33844964850698894
82000 0.33196464136263815
83000 0.3381961768451515
84000 0.33255983555996566
85000 0.33262446322612577
86000 0.3379823460001139
87000 0.3328578068178305
88000 0.332170800740109
89000 0.3385645173178128
90000 0.32947554119856953
91000 0.32991736921580583
92000 0.33649527657989675
93000 0.33124212606313586
94000 0.33628822144145565
95000 0.3334220690938639
96000 0.3343875787192887
97000 0.33445378928972297
98000 0.33461927234819705
