0 0.29460981756510657
1000 0.25245350055332155
2000 0.22835659250028925
3000 0.212025789271322
4000 0.20534972819205588
5000 0.19681856983573234
6000 0.19347652257238457
7000 0.18693714244948553
8000 0.18136118249710692
9000 0.18008948947293102
10000 0.18129461564594593
11000 0.17925871448640718
12000 0.17462340238712026
13000 0.17339290292684473
14000 0.17365440457995107
15000 0.16982226803325248
16000 0.16977311382099747
17000 0.17165838408403633
18000 0.17238808556100035
19000 0.17299384402023674
20000 0.16753377128290586
21000 0.17116013935364968
22000 0.171755963653702
23000 0.17077635343311698
24000 0.1680691787223672
25000 0.1688266528407932
26000 0.16680376578431347
27000 0.16763157581779695
28000 0.1682909279419883
29000 0.1671098753285451
30000 0.16844910358952625
31000 0.1693168226748229
32000 0.1680876728831742
33000 0.1681165619269842
34000 0.16438875830228727
35000 0.16633253098222311
36000 0.17140848059978134
37000 0.16870732412013306
38000 0.16891797718574542
39000 0.16852489131919385
40000 0.1694640591400841
41000 0.16622789802978344
42000 0.1708532598447867
43000 0.16508933557409633
44000 0.16876624662074705
45000 0.16939912180203132
46000 0.1697597708891778
47000 0.16808758336934573
48000 0.16798505178424056
49000 0.16855020029782541
50000 0.16930352873676957
51000 0.1682070301098603
52000 0.1663480929850536
53000 0.1679080921374934
54000 0.16982653878501047
55000 0.16950345298465883
56000 0.1696430220346145
57000 0.1677309600265055
58000 0.17274287125526563
59000 0.16993494429795594
60000 0.17084590554126652
61000 0.16881304763866756
62000 0.16858916197461174
63000 0.16839165042773088
64000 0.17284579110413195
65000 0.16780336412020083
66000 0.17010676531693483
67000 0.16816331646919624
68000 0.1681353767920821
69000 0.16787101362000864
70000 0.17193848179119978
71000 0.17362755384781803
72000 0.16923835330009826
73000 0.1676336360716727
74000 0.1687854581658673
75000 0.16946866429349008
76000 0.1689125266046586
77000 0.16765038744190963
78000 0.16942344125877998
79000 0.16796302832329765
80000 0.1719211662187045
81000 0.1661610283731073
82000 0.16676778380475166
83000 0.16689946764949887
84000 0.16542230764453514
85000 0.16792402484271005
86000 0.17119996854420758
87000 0.16625907635937667
88000 0.1705253729348049
89000 0.16998334950742613
90000 0.1697576601763159
91000 0.16859145670798253
92000 0.16796811379410403
93000 0.17009724002967477
94000 0.16986166173253256
95000 0.16913420361850298
96000 0.1678927494498434
97000 0.1686881619496155
98000 0.17030362333585675
