0 0.2877283886451524
1000 0.2792968557937963
2000 0.2759496351966097
3000 0.271178690982327
4000 0.2695586753412188
5000 0.26633986460666437
6000 0.26567621371683625
7000 0.25790614272267937
8000 0.2503708949097944
9000 0.25078265674646244
10000 0.2508665820362135
11000 0.2438165237820181
12000 0.2429390578888404
13000 0.23708690833495497
14000 0.23341727460273923
15000 0.23290222554106033
16000 0.22851211343205666
17000 0.22726350750426585
18000 0.22815134214743818
19000 0.2276171241638231
20000 0.22465904540781284
21000 0.22317738226956407
22000 0.21866634281729552
23000 0.21805711347975215
24000 0.2130798757932998
25000 0.21217476949734684
26000 0.21170254544124456
27000 0.21288764280840106
28000 0.20626992328075677
29000 0.20685566873771005
30000 0.20616156335999153
31000 0.20398657283372454
32000 0.19818581481883357
33000 0.19986785581347605
34000 0.19642100377813637
35000 0.19917099876610436
36000 0.19499164099780217
37000 0.19492574965108533
38000 0.189168848111846
39000 0.1892962215322442
40000 0.19028270227971575
41000 0.18914693919850742
42000 0.1861060195185341
43000 0.18652357325369986
44000 0.18733287927056805
45000 0.18124073798427787
46000 0.1847766172836441
47000 0.1810657694206242
48000 0.18051461817766803
49000 0.1780725774749664
50000 0.17616124671151806
51000 0.1789966292927357
52000 0.17690952272538238
53000 0.17530398628352825
54000 0.17419083352562992
55000 0.17214321517791703
56000 0.17139282413794507
57000 0.17201130485283295
58000 0.16894674757977973
59000 0.17058872861730578
60000 0.1701634181705538
61000 0.1665832222043887
62000 0.1661940139538628
63000 0.16438555483312198
64000 0.16701247168356612
65000 0.16438460223814017
66000 0.16242792656202845
67000 0.16250383266191343
68000 0.16310029866158765
69000 0.15966145864661155
70000 0.1607793094551654
71000 0.15890219651426768
72000 0.15907051730264996
73000 0.16085253631192994
74000 0.16003208747200015
75000 0.15410504263616853
76000 0.15886026094099415
77000 0.15276330212052483
78000 0.1552078649019129
79000 0.15592730480302208
80000 0.15350752367607495
81000 0.15281774854166044
82000 0.15000326240827175
83000 0.15567193696045545
84000 0.14861187713389964
85000 0.14739855656640904
86000 0.1480561812678406
87000 0.1452101814710622
88000 0.1498042542658406
89000 0.14791819238951895
90000 0.14569996343238042
91000 0.14618609028112917
92000 0.1474625608827619
93000 0.14426359411677483
94000 0.14401016282302245
95000 0.1439705759721306
96000 0.14429709866199886
97000 0.1425529164232887
98000 0.14319711666526533
