0 0.3705960016966234
1000 0.3419248416179957
2000 0.3176007136901598
3000 0.29990000958574425
4000 0.29164116861844464
5000 0.2807888736015083
6000 0.2761619898471587
7000 0.26912767188269626
8000 0.2717184846302014
9000 0.2654989271759478
10000 0.262320645283474
11000 0.25968498818871155
12000 0.2584412657180581
13000 0.25664946251766496
14000 0.2520609869617188
15000 0.2530439741133771
16000 0.25503093731654053
17000 0.2538081370677721
18000 0.2554341925154571
19000 0.2514806195031376
20000 0.25077281665343176
21000 0.2542393724128468
22000 0.25510429568504056
23000 0.24734965587507535
24000 0.2501920292054813
25000 0.24891313522937733
26000 0.2500635940621256
27000 0.2492422442228564
28000 0.24905932792030996
29000 0.2520991858467645
30000 0.2517947844957324
31000 0.2478663656184021
32000 0.24461534367330312
33000 0.2479857563301268
34000 0.253037701869929
35000 0.2506984052913188
36000 0.25214618289630664
37000 0.24708427748473358
38000 0.24819327265111774
39000 0.24775551163603
40000 0.24786035545977433
41000 0.24741323783992836
42000 0.24741965026422316
43000 0.2455752435252667
44000 0.24647338637676025
45000 0.24804417580409344
46000 0.24834072328055862
47000 0.2472456875796351
48000 0.24528990927437608
49000 0.24802168818602816
50000 0.25221933038212624
51000 0.24987322452738475
52000 0.25037544669890166
53000 0.2472880091713484
54000 0.2468286998145925
55000 0.24953272896618706
56000 0.25119926765377043
57000 0.24828608295021165
58000 0.24599396791571448
59000 0.2501966252935485
60000 0.24929930763919883
61000 0.24815195581238336
62000 0.2449961623766606
63000 0.2479690158474755
64000 0.2500112376245687
65000 0.24886106553011944
66000 0.2494187998131782
67000 0.24822545601821264
68000 0.25154964899238696
69000 0.2481274474392333
70000 0.25091059031347007
71000 0.25151254049609456
72000 0.24917777733670124
73000 0.2508589505412275
74000 0.24899585163579524
75000 0.2526123175069772
76000 0.2468364687260127
77000 0.25046182026516617
78000 0.24713353894941764
79000 0.25190117410764545
80000 0.24755712038407093
81000 0.2504111250671812
82000 0.2470822730262164
83000 0.2489481248619188
84000 0.2513390387267774
85000 0.24705343617967615
86000 0.24596353157297138
87000 0.2503739534655091
88000 0.2461487720285814
89000 0.2498333129502134
90000 0.24848365672419181
91000 0.24983898423507556
92000 0.24727720033389575
93000 0.24562082715252045
94000 0.25052529964525727
95000 0.24637292558092963
96000 0.24925021130620192
97000 0.24940773020874107
98000 0.2501586310055228
