0 0.2645661128238796
1000 0.23271342469654827
2000 0.2129386789658191
3000 0.19203275733813657
4000 0.17926675244293402
5000 0.17179345158349948
6000 0.15972621276320495
7000 0.15474932011643247
8000 0.14678435206318835
9000 0.13956803057278042
10000 0.13675559251818278
11000 0.12986870618399488
12000 0.13013099242153703
13000 0.12367001446326836
14000 0.11988210503044222
15000 0.11624283237726661
16000 0.11604002964392508
17000 0.11302031443953531
18000 0.11096576017934856
19000 0.11089500923162697
20000 0.10742551652917465
21000 0.10710506471586884
22000 0.10520384286650003
23000 0.1031724009865835
24000 0.10021002009613814
25000 0.09981150728830875
26000 0.09904070843075034
27000 0.09750480894289955
28000 0.09521032820415265
29000 0.09423083858802428
30000 0.0936507934964373
31000 0.09168271554164073
32000 0.09013295153760356
33000 0.09034470802390264
34000 0.09085175734808901
35000 0.0881285024467658
36000 0.08835378189103338
37000 0.08609067368981976
38000 0.08706930974052686
39000 0.08724718970196849
40000 0.08734250058698803
41000 0.08449664182794113
42000 0.08404191315606876
43000 0.08477408343634686
44000 0.08514568410783978
45000 0.08413832592818611
46000 0.08284264590778637
47000 0.08245638052236381
48000 0.07977525514300912
49000 0.08079710438163568
50000 0.08025404787113068
51000 0.0813452428005135
52000 0.07968499135256094
53000 0.07885450368076855
54000 0.0807739546995614
55000 0.08067121364028021
56000 0.0792255798291267
57000 0.07728246371058178
58000 0.07722618808896317
59000 0.07857878315150182
60000 0.07740310369384748
61000 0.07826621954728039
62000 0.07568063795315402
63000 0.07677053597490721
64000 0.07607556046920338
65000 0.07445764621185634
66000 0.0757872016477139
67000 0.07729985939276666
68000 0.07548450248153352
69000 0.07616494826195437
70000 0.0744582604925121
71000 0.07360983551390018
72000 0.07351520954180686
73000 0.07484270261424929
74000 0.07394889967948907
75000 0.0730914733432671
76000 0.07206572686151849
77000 0.07437798638977174
78000 0.07465038788351394
79000 0.07357663879052553
80000 0.07344451846001956
81000 0.07183406822359999
82000 0.07147035500392737
83000 0.07289701259550704
84000 0.07240957657328446
85000 0.07231931660805993
86000 0.07166424104042124
87000 0.07299215467821146
88000 0.07128767646340531
89000 0.07172177482663139
90000 0.07171307688047172
91000 0.07052722537550266
92000 0.07183348182358373
93000 0.07111521993813898
94000 0.07021665096030086
95000 0.06859107353632075
96000 0.06909272482548356
97000 0.06874335313855322
98000 0.06918754772979359
