0 0.2546233275455696
1000 0.22618431958193708
2000 0.20947525775178671
3000 0.20505232565931006
4000 0.19584754710013505
5000 0.19710609881554325
6000 0.1919702896075692
7000 0.1884760280974771
8000 0.185056669994364
9000 0.18527752131780212
10000 0.18224724781581275
11000 0.18582930712846946
12000 0.1806114185798684
13000 0.18331571892830922
14000 0.1820960471108679
15000 0.18447506882928194
16000 0.18461142698450292
17000 0.1821997381391662
18000 0.1826253243673629
19000 0.18166562992082175
20000 0.18416522291216653
21000 0.18116026865050003
22000 0.18097718561956863
23000 0.18032715580325737
24000 0.18258739501700283
25000 0.18106790473484488
26000 0.1768787715954944
27000 0.18095755408515718
28000 0.18446003460525318
29000 0.18174731874507016
30000 0.17981387581210026
31000 0.18081103780898644
32000 0.18265433824403998
33000 0.18337846124791185
34000 0.1823498753881576
35000 0.18268519017295476
36000 0.18248472460016885
37000 0.18247827592598206
38000 0.17922473729144378
39000 0.1782050075973541
40000 0.18222121561541138
41000 0.18088606124612247
42000 0.17799861270267653
43000 0.1779292190798314
44000 0.18139222456069212
45000 0.18038562332490735
46000 0.1818087047643282
47000 0.1786408173661071
48000 0.1813777197018553
49000 0.18253515630273967
50000 0.18285816341244626
51000 0.18248695793377073
52000 0.18558741765651393
53000 0.1816114820267292
54000 0.18049247821455464
55000 0.18197390210051115
56000 0.1812694613343897
57000 0.1806149402926718
58000 0.17986052113970732
59000 0.18064344364061036
60000 0.1792530040771668
61000 0.18270540221321802
62000 0.1791742640889655
63000 0.17964313967280546
64000 0.17910741889180287
65000 0.18076257051886147
66000 0.18328900023811007
67000 0.1804717875158131
68000 0.1794822879415481
69000 0.18226994044086792
70000 0.18055519219328567
71000 0.18004212929046964
72000 0.17973841501446666
73000 0.1787033764313215
74000 0.17953357569461606
75000 0.17804305628789094
76000 0.18203901640262005
77000 0.1779222967588935
78000 0.1808837274273478
79000 0.1806586705993244
80000 0.17873996249814625
81000 0.17848906364433614
82000 0.1757133078318915
83000 0.18363193475777195
84000 0.17915143820423407
85000 0.17848514903679802
86000 0.18189578312995425
87000 0.18063348319219208
88000 0.18037941283749376
89000 0.1800897741181272
90000 0.18117218694866222
91000 0.18177111929526113
92000 0.18296262777818162
93000 0.18101279304461254
94000 0.1793305135088633
95000 0.18397586902749974
96000 0.1777010961272779
97000 0.17653564780215358
98000 0.1814280368870337
