0 0.28108513084201536
1000 0.2665422340932401
2000 0.2549105764869368
3000 0.2434668139203272
4000 0.23625990261496327
5000 0.22900084064281745
6000 0.22102428999194268
7000 0.21170710775106807
8000 0.20653866280232383
9000 0.1988731760516697
10000 0.19574786543505113
11000 0.1875374405249124
12000 0.18804302100057801
13000 0.18337423060342647
14000 0.17550402624564174
15000 0.17309236978417541
16000 0.17181589276894893
17000 0.16816125222528297
18000 0.1664130040557829
19000 0.16400435258539367
20000 0.1598556098894035
21000 0.16011805196159087
22000 0.15626470900430048
23000 0.1551444715856136
24000 0.1523233460196966
25000 0.15103646225832013
26000 0.14954432147420574
27000 0.14410435493709695
28000 0.1435308442551666
29000 0.14129472544056113
30000 0.13735176390406756
31000 0.14168434159176274
32000 0.13609671171452417
33000 0.13319933109964985
34000 0.13530856335533625
35000 0.1327228005481945
36000 0.12877584445700013
37000 0.12941647604614706
38000 0.12836221017337943
39000 0.12799320897254607
40000 0.1253835744437647
41000 0.12715880472227636
42000 0.12492843059404633
43000 0.12267785663951582
44000 0.1211089391837688
45000 0.11996272148556963
46000 0.11887041154568122
47000 0.11773801655242462
48000 0.11508648227227573
49000 0.1167639639035242
50000 0.11490827432029731
51000 0.11659583403498314
52000 0.11272584715047201
53000 0.11345567049214762
54000 0.11358446511155779
55000 0.11170785113789193
56000 0.11111534886282523
57000 0.11091910728465638
58000 0.11029863768155178
59000 0.11106238760266017
60000 0.10962822774005396
61000 0.10728940433404942
62000 0.10753654546423232
63000 0.10814088488986366
64000 0.10818732042094437
65000 0.1040129326899475
66000 0.10341063926697641
67000 0.10519688668038031
68000 0.10449265882615251
69000 0.10250861141238621
70000 0.10416164775740785
71000 0.10091088956824464
72000 0.10564446607709871
73000 0.1032033247919325
74000 0.10075522532395446
75000 0.1000801500928606
76000 0.09954477142762606
77000 0.09858934605196701
78000 0.10001072424308409
79000 0.09842411445990563
80000 0.10037364584147256
81000 0.09873189810282922
82000 0.09852684795874415
83000 0.09856824352344576
84000 0.09917143892116971
85000 0.0980054946034023
86000 0.09662457738288222
87000 0.09641538352591934
88000 0.09672171541803536
89000 0.09546103634607825
90000 0.09585540422920687
91000 0.09718085924341546
92000 0.09458155247943076
93000 0.09446518021087584
94000 0.09568128597054189
95000 0.09672692111153307
96000 0.09418486444325413
97000 0.09395576654542018
98000 0.09478641092609605
