0 0.4270998971085138
1000 0.4203253685771052
2000 0.4158433139302161
3000 0.4122506567369125
4000 0.40525873754039893
5000 0.41333624786377987
6000 0.41124340198166665
7000 0.4114876589323169
8000 0.40792064174704423
9000 0.404815555768307
10000 0.4052445376202229
11000 0.404119385037617
12000 0.40453077110292157
13000 0.40513773932208674
14000 0.3968154922723634
15000 0.4017261381492827
16000 0.4009757566668997
17000 0.4021383316437398
18000 0.4041867724631396
19000 0.4046064328422677
20000 0.402556808965841
21000 0.401724128169136
22000 0.4020734043387876
23000 0.40702837373294587
24000 0.39890485390730795
25000 0.4028660043944459
26000 0.4032577772307752
27000 0.3997057338153961
28000 0.40495655049920337
29000 0.4050761103541766
30000 0.4041602191002972
31000 0.400455567936751
32000 0.4001188125043597
33000 0.3996936427301533
34000 0.4027150935275345
35000 0.4015005887392759
36000 0.4015824030954848
37000 0.40024795964008897
38000 0.4047964942289767
39000 0.4016435575093516
40000 0.4063813816278961
41000 0.40324727375072306
42000 0.3992762164717161
43000 0.4059963234285292
44000 0.4004180498718306
45000 0.4086371965554183
46000 0.4041128173867962
47000 0.4062457084237572
48000 0.39850788344575716
49000 0.40418237005826463
50000 0.400353458432068
51000 0.4015187109924859
52000 0.40406743179004306
53000 0.40459614489636286
54000 0.40462482771448166
55000 0.39715551120975356
56000 0.4042250571437207
57000 0.40410400358110166
58000 0.3969955276282431
59000 0.40339494320804803
60000 0.39980670256370227
61000 0.39546476374609946
62000 0.4015769481117655
63000 0.39857091176593223
64000 0.3991005809548947
65000 0.4044150917261397
66000 0.40259430374565464
67000 0.39756988253324854
68000 0.4080246041739335
69000 0.3984972766982826
70000 0.40496408497487246
71000 0.39966352090833895
72000 0.400247596667841
73000 0.40349411833269977
74000 0.40282175763350686
75000 0.3992406175879497
76000 0.4042014861509145
77000 0.40272650304243507
78000 0.4002377397519309
79000 0.4024319047831392
80000 0.4014610804932141
81000 0.4004222018111291
82000 0.4000458638827821
83000 0.40027713633103346
84000 0.39887810261700524
85000 0.40024975171597055
86000 0.3999518212126811
87000 0.39553996690058624
88000 0.4070760802210542
89000 0.39922356277207727
90000 0.40171463643668665
91000 0.4044745672757759
92000 0.40548735128414143
93000 0.39937461831874627
94000 0.4017313543839506
95000 0.404135990499894
96000 0.40025101529672746
97000 0.3967296041434352
98000 0.39711178936605196
