0 0.23532854893715643
1000 0.17897426476759665
2000 0.1500521399205153
3000 0.1319594869150308
4000 0.12207235210999681
5000 0.1142199822533559
6000 0.10505702195273624
7000 0.09955182922016811
8000 0.09711820741451124
9000 0.09121994456992441
10000 0.08770728509488195
11000 0.0860722496052594
12000 0.08311460450482004
13000 0.08238425305749887
14000 0.08291482517899784
15000 0.08083634889548895
16000 0.07913645944233688
17000 0.07868125303047634
18000 0.07558205585208538
19000 0.07592664082635894
20000 0.07306389774533338
21000 0.07203594359052222
22000 0.0741435479782464
23000 0.07066103381341465
24000 0.06927627102126958
25000 0.06988785207707185
26000 0.0682946039162167
27000 0.06883641636873311
28000 0.0678853133769163
29000 0.06815442720335002
30000 0.06820994871749986
31000 0.06735426947032597
32000 0.06672569833959428
33000 0.06661527721025527
34000 0.06425223809031987
35000 0.06569976212024367
36000 0.06597083002507981
37000 0.06648530475091027
38000 0.06361698730911489
39000 0.06424293955631048
40000 0.06410660668264566
41000 0.06486590411659585
42000 0.063012701140001
43000 0.06450036203791383
44000 0.06290511164355936
45000 0.06364075363758236
46000 0.06072391091513882
47000 0.06289034313785756
48000 0.06254215275133626
49000 0.0637530518835838
50000 0.06347913612456756
51000 0.06266741236245539
52000 0.06228361906310697
53000 0.06046876611400801
54000 0.062287918885720564
55000 0.059832369307375996
56000 0.061975027413674263
57000 0.06048286736066588
58000 0.062078654238304665
59000 0.0607201991065772
60000 0.06056524051867644
61000 0.06071226225474839
62000 0.06058701328050759
63000 0.06073895007106005
64000 0.06274541442799123
65000 0.06049394031917662
66000 0.06142917814506585
67000 0.05991917270202605
68000 0.060648761609750475
69000 0.059426497815780494
70000 0.059455021595104095
71000 0.05991057914180027
72000 0.06039715510131404
73000 0.059572941735672666
74000 0.05971753531046534
75000 0.05970859637538335
76000 0.05939566894572264
77000 0.05914515940759509
78000 0.058999963354513574
79000 0.05982252793619833
80000 0.05949656346101841
81000 0.06018496592677889
82000 0.059487675455404725
83000 0.05857742417939034
84000 0.05893098659470903
85000 0.0581344152907817
86000 0.05992202107110168
87000 0.059874026858291546
88000 0.05859997918322077
89000 0.05719918533429668
90000 0.05806580502345234
91000 0.05704652007799673
92000 0.057461433721433
93000 0.05787611823393116
94000 0.05824275948725681
95000 0.05861029630719071
96000 0.05827650662217842
97000 0.05885192237219445
98000 0.05806586302974985
