0 0.2191114453962454
1000 0.1534587803545945
2000 0.12758153201789008
3000 0.11521958474778486
4000 0.10437069500529546
5000 0.09915499735726675
6000 0.09339672348935368
7000 0.09116624367086508
8000 0.08749929496802662
9000 0.08413636156996875
10000 0.08459790103659115
11000 0.08065784468580381
12000 0.07975932755251844
13000 0.07822292531082066
14000 0.0775673071048446
15000 0.0757327461486942
16000 0.07384186502687626
17000 0.07326906757548204
18000 0.07374960108952776
19000 0.0728903383950207
20000 0.06959871886403056
21000 0.07157243319340653
22000 0.06994177776205607
23000 0.06943126786215073
24000 0.07006726169064124
25000 0.06951895582589301
26000 0.06931416087971967
27000 0.06768250072958647
28000 0.06756168934924933
29000 0.0685686996456186
30000 0.06655857540714262
31000 0.06762729326788947
32000 0.06499246198216496
33000 0.06685307912710585
34000 0.06479060173471281
35000 0.06416093742761414
36000 0.0635776112857383
37000 0.06473771185407912
38000 0.06478662521133381
39000 0.0641634293276872
40000 0.06372718410138688
41000 0.06288985161237416
42000 0.06298148316763118
43000 0.06253667877464149
44000 0.06263713206660876
45000 0.06251142126871556
46000 0.06330884773787541
47000 0.06380672050824865
48000 0.061744875866082925
49000 0.06239452576355333
50000 0.06220513930255307
51000 0.06215754038538569
52000 0.06366242515772398
53000 0.0642170551867582
54000 0.06149463602572589
55000 0.06160009242058963
56000 0.061797560837665785
57000 0.06103132862305245
58000 0.060559114827474066
59000 0.06006293555232693
60000 0.05995186971280915
61000 0.06056261993956488
62000 0.06185988958636747
63000 0.06087529211068299
64000 0.06109369208461069
65000 0.06201315365833173
66000 0.060481065455844245
67000 0.060265017359355647
68000 0.06132532099780994
69000 0.058963099433049414
70000 0.05903156050606459
71000 0.0599632521429717
72000 0.05849399691298843
73000 0.058339218128571686
74000 0.05904042045959591
75000 0.059025651792285194
76000 0.05971943336922008
77000 0.05854582946525194
78000 0.0594913017955633
79000 0.05936014520575369
80000 0.05914382115740053
81000 0.05898130307534017
82000 0.05927507863647466
83000 0.05951468377823487
84000 0.05954704231083422
85000 0.059604022545709776
86000 0.05979563085744953
87000 0.058212054952241195
88000 0.060067221217860185
89000 0.05927634772929847
90000 0.059022909242674254
91000 0.058406335416740805
92000 0.058922412146342494
93000 0.058827632258596295
94000 0.05835116287358126
95000 0.05882576477180601
96000 0.05708591508547685
97000 0.05873329994954789
98000 0.05759673903224108
