0 0.23923000105241976
1000 0.23295134917560126
2000 0.2286961118465211
3000 0.22506339758259497
4000 0.2266700542420177
5000 0.22145261108943312
6000 0.22343554232365423
7000 0.22192732814120147
8000 0.21782096092070855
9000 0.21860960619358075
10000 0.22061478573479348
11000 0.22322141956931157
12000 0.21761065221781395
13000 0.22017779907450655
14000 0.22240659767452264
15000 0.22002840694427447
16000 0.21557115377899255
17000 0.21995552406283067
18000 0.2142755390425346
19000 0.2182252763152505
20000 0.22089920673262675
21000 0.22337506615799765
22000 0.22052402898685322
23000 0.22140182216009197
24000 0.22190931584266826
25000 0.21909155705724653
26000 0.22494294113372354
27000 0.22001584238359148
28000 0.2212222717831096
29000 0.21925922456057706
30000 0.218853727914332
31000 0.21915346789020793
32000 0.22303848437710827
33000 0.21667950456648957
34000 0.2215012186533023
35000 0.22101283421555665
36000 0.22028125588954167
37000 0.2176432587075536
38000 0.2167099024779809
39000 0.2183913642591017
40000 0.22359736456427431
41000 0.21892614227580878
42000 0.2228868750301383
43000 0.21687460956434457
44000 0.22083387343291128
45000 0.2216380901953917
46000 0.21949528443244412
47000 0.2162236803028084
48000 0.22101642452431525
49000 0.22049205119201648
50000 0.21639526972009954
51000 0.22234454355167427
52000 0.21879340177641032
53000 0.22042185881699652
54000 0.21862189579281588
55000 0.22018341996815038
56000 0.2211341475721353
57000 0.21872817476366235
58000 0.21678044522811912
59000 0.21999018760433206
60000 0.21898153048702704
61000 0.21957434736402084
62000 0.2208951162786898
63000 0.22242958805057517
64000 0.21750788917436809
65000 0.21704687742700124
66000 0.2182807805066393
67000 0.22160829281750036
68000 0.21580358994751717
69000 0.21959880669771883
70000 0.21825805820221206
71000 0.22098676689764168
72000 0.21845924168140826
73000 0.22070196044067716
74000 0.21696487172556456
75000 0.2206128265167923
76000 0.21979253383163133
77000 0.21700742765584663
78000 0.216843836573803
79000 0.21668616752998793
80000 0.2193469366603954
81000 0.21975843906229298
82000 0.21965896733134574
83000 0.21766459595970178
84000 0.22214361455437828
85000 0.21377304356207336
86000 0.21955111735958963
87000 0.22064596091031508
88000 0.2197698657967685
89000 0.21651603124719446
90000 0.21901631170418928
91000 0.2185028577049473
92000 0.21938909892340103
93000 0.21909569774992285
94000 0.22051474190610482
95000 0.22163348367826777
96000 0.2193076513935887
97000 0.2202215130305092
98000 0.21911148478212003
