0 0.23459290262114174
1000 0.17743636351232836
2000 0.1480604947609286
3000 0.13155491154655416
4000 0.12008837145212964
5000 0.11217855208518895
6000 0.10813922930715042
7000 0.09827057446710313
8000 0.09520797756139585
9000 0.0905491567991904
10000 0.08781580160084429
11000 0.08724328875960534
12000 0.08486882830565602
13000 0.08207418296803869
14000 0.07899961224864305
15000 0.08055438991630451
16000 0.07952349987066644
17000 0.07699249827438191
18000 0.0762025040380986
19000 0.0740828112465251
20000 0.07223887502729796
21000 0.07276758764491809
22000 0.07145932103489365
23000 0.07208760644289793
24000 0.07115748674276244
25000 0.07088281628219122
26000 0.06949445394668813
27000 0.06933383733386486
28000 0.06955755139162118
29000 0.06863400727208804
30000 0.06744642633063452
31000 0.06867730362003006
32000 0.06780842828665344
33000 0.06776174850352756
34000 0.06654765636494463
35000 0.06446609331758578
36000 0.06634566828335092
37000 0.06526254747587606
38000 0.06502951540380236
39000 0.06427781306969345
40000 0.06524078905526368
41000 0.06566275626396087
42000 0.06370288264259856
43000 0.06283671924324156
44000 0.06263741217666158
45000 0.06252922073309998
46000 0.06247998334491157
47000 0.06241143283573664
48000 0.06199554607054841
49000 0.06139185289206783
50000 0.06038947395523319
51000 0.06208258010523575
52000 0.061614292876975896
53000 0.0619117387175015
54000 0.06182629646004136
55000 0.06174491605440112
56000 0.060648103348884014
57000 0.060694635655533354
58000 0.06096552650104168
59000 0.06033020409599577
60000 0.05906878297586455
61000 0.06066603591177965
62000 0.06098056074539596
63000 0.059701045652826974
64000 0.058653468174358035
65000 0.060756473867568966
66000 0.05962197853749183
67000 0.05955702360604415
68000 0.06074576713187488
69000 0.05963337546071092
70000 0.05917308874876663
71000 0.060332426372069065
72000 0.058565118340482315
73000 0.05845054583350993
74000 0.05959631067506828
75000 0.05861867672508978
76000 0.059774872585508766
77000 0.059394998636616896
78000 0.06118668210127479
79000 0.06005466080166342
80000 0.058801337851716644
81000 0.058503567751979645
82000 0.059301924246702484
83000 0.0586367616109317
84000 0.057529195796958504
85000 0.05873675194453046
86000 0.058632529465832174
87000 0.059329478123347774
88000 0.059165464504479626
89000 0.05771684932568502
90000 0.05827621043265033
91000 0.05820865356780403
92000 0.05875108239498881
93000 0.05740306442475363
94000 0.05728289992839109
95000 0.05752251070800399
96000 0.05812390904149886
97000 0.05673342406738747
98000 0.0560869453574283
