0 0.36747187451485475
1000 0.3381702107406472
2000 0.3180184784751619
3000 0.2980955265182661
4000 0.2908866787691411
5000 0.28098262270135754
6000 0.2750682043516351
7000 0.2657816131102714
8000 0.26652634985524776
9000 0.26181457667788105
10000 0.2557210299319617
11000 0.2585100715327516
12000 0.25520220555154277
13000 0.2511755371165147
14000 0.25485070949748934
15000 0.24835621902034244
16000 0.24892691130483816
17000 0.2464751161559332
18000 0.24664658977739445
19000 0.2464621999898891
20000 0.24682364636444476
21000 0.24854071580545475
22000 0.24801095068188214
23000 0.246138623131797
24000 0.24471694340505995
25000 0.2458356963273724
26000 0.24492702223142696
27000 0.24598454512065793
28000 0.2492739801582703
29000 0.2464098211668333
30000 0.24789020208905868
31000 0.24595885528865655
32000 0.24775165513839778
33000 0.2486743152705456
34000 0.24669969518912807
35000 0.24612183433301943
36000 0.2477796957655295
37000 0.25014076496324283
38000 0.24841978572839804
39000 0.24568060214886805
40000 0.24839900752302524
41000 0.25068985994837645
42000 0.2497057895945939
43000 0.2472094800624694
44000 0.24861354016556736
45000 0.2452382413246372
46000 0.24866199302185332
47000 0.2483226514963356
48000 0.24791799584462548
49000 0.24337643377554247
50000 0.24351683794800089
51000 0.24242377190933073
52000 0.24412235371518815
53000 0.24744492289831885
54000 0.24555892149683653
55000 0.24338261186784596
56000 0.24661015711111658
57000 0.24710135835559613
58000 0.24638826589262547
59000 0.24491995052627735
60000 0.24604324474735048
61000 0.2484591183071155
62000 0.249024827205589
63000 0.24604922903732482
64000 0.24764998116037465
65000 0.24599591322906858
66000 0.24408458776962288
67000 0.24457581396965777
68000 0.24403342501197592
69000 0.24538478829606564
70000 0.24395747627486092
71000 0.2450745122766609
72000 0.24491780822685985
73000 0.24665119681271652
74000 0.24816157159322075
75000 0.24172320496751276
76000 0.24185450892642293
77000 0.2462015977539264
78000 0.24330126248804365
79000 0.24301695671116563
80000 0.24679339980881335
81000 0.2474013991588384
82000 0.24414121897613084
83000 0.24294354585582345
84000 0.24484905174528393
85000 0.24798636714549901
86000 0.2434527029253751
87000 0.24651123364188796
88000 0.24325674237513817
89000 0.24442728649144946
90000 0.2395577343549187
91000 0.24039551765977063
92000 0.24360996541451946
93000 0.2445830737634149
94000 0.243576536476986
95000 0.24526842592230952
96000 0.2454541751548568
97000 0.24505714417670654
98000 0.24497605000925224
