0 0.31514034517714945
1000 0.31132272493237934
2000 0.3071530647960415
3000 0.3076875668267995
4000 0.30603119023368575
5000 0.3059398194637319
6000 0.29959551712464905
7000 0.3042468037604802
8000 0.30015681574651
9000 0.3061209510247353
10000 0.2954870703475021
11000 0.2989360185809353
12000 0.3013821976940631
13000 0.29629428200498176
14000 0.29644353800439927
15000 0.29925766682393684
16000 0.2954537727744267
17000 0.29858188953452325
18000 0.29468269116495416
19000 0.29362498106350743
20000 0.2943435862848881
21000 0.2884389107003942
22000 0.2955373900344087
23000 0.29762626027482364
24000 0.2908902599127004
25000 0.28960405257442234
26000 0.28720292669964764
27000 0.290362816439899
28000 0.29018591110800096
29000 0.2893148506186852
30000 0.28370172904723806
31000 0.2849574843839169
32000 0.28622418504155467
33000 0.2864625454361908
34000 0.2864280499741698
35000 0.2847381763596392
36000 0.28750017109042647
37000 0.28594354302688907
38000 0.28462082949688666
39000 0.28518352571043676
40000 0.28181213084960277
41000 0.2839103348020476
42000 0.28036575254746315
43000 0.28356734380581816
44000 0.28054932908828023
45000 0.28054541588345683
46000 0.2764502456311746
47000 0.2845372856521744
48000 0.2771481373778369
49000 0.2773773983166757
50000 0.2801873818408291
51000 0.27494171143735074
52000 0.27500261692316197
53000 0.27700863863819186
54000 0.2750688716774298
55000 0.2767018892161899
56000 0.27277786009773114
57000 0.27544725782252544
58000 0.27697229788474365
59000 0.26891002587233753
60000 0.27319129044373297
61000 0.27619156718162446
62000 0.2758611005908566
63000 0.27082822019933694
64000 0.26992179745678463
65000 0.27328679166644143
66000 0.2716686893718532
67000 0.26595683207956244
68000 0.2692338999365181
69000 0.2719373712230987
70000 0.26394632134674856
71000 0.26595989763879535
72000 0.27013571673878684
73000 0.2663692543223118
74000 0.26550018752694077
75000 0.26689488778335396
76000 0.27009685407536205
77000 0.2675334744834833
78000 0.26633970525032513
79000 0.26502454369147715
80000 0.2595299853300396
81000 0.2611213861985174
82000 0.26594269092679473
83000 0.264597495902052
84000 0.2642501321945466
85000 0.2595319569160442
86000 0.2636167600155931
87000 0.26053846629673477
88000 0.2628761693083426
89000 0.2610864688796991
90000 0.2611001743344964
91000 0.25784788305813605
92000 0.25955411353396346
93000 0.25569622544814036
94000 0.25994790652815114
95000 0.2574216871938069
96000 0.2567567079419023
97000 0.26117467704146663
98000 0.25621011768906266
