0 0.18911933139532663
1000 0.11854719142317993
2000 0.09920079088412337
3000 0.08727221700967215
4000 0.08087247274573484
5000 0.07703653849934494
6000 0.0738788870011003
7000 0.0711412559208517
8000 0.0684351531374477
9000 0.06873127628286334
10000 0.0664097173020421
11000 0.0658122699215298
12000 0.06548593142136352
13000 0.06436172675803457
14000 0.06157691479494479
15000 0.06216134606785398
16000 0.06071830412146773
17000 0.06097397617885719
18000 0.06158797467162823
19000 0.06066599627386788
20000 0.060397679581313785
21000 0.05958871547465376
22000 0.059257567180482244
23000 0.05949208154020551
24000 0.05901731767929193
25000 0.058834792755680335
26000 0.05854918004981777
27000 0.059382208904806
28000 0.058972589370734206
29000 0.05843892132613684
30000 0.05699439289652267
31000 0.056965932646986905
32000 0.05752859708491198
33000 0.05673881026230176
34000 0.05774618586993207
35000 0.057481716566883036
36000 0.05803608389252149
37000 0.05577776639876907
38000 0.05610773290001949
39000 0.05528888919675298
40000 0.05613119463198141
41000 0.05695532669093483
42000 0.05675914923714027
43000 0.05751769300227941
44000 0.05656538566395509
45000 0.057295485187726335
46000 0.05656432156386654
47000 0.056450321011132856
48000 0.05730541418657559
49000 0.0565692799759099
50000 0.056217285127303486
51000 0.05566071451444841
52000 0.05750615935672461
53000 0.055627638701298665
54000 0.05720484784682906
55000 0.05450612825372688
56000 0.05645042634822583
57000 0.05417041795120951
58000 0.054508166308019995
59000 0.05674232797528279
60000 0.054278525969616735
61000 0.05508445662456023
62000 0.05314349038837744
63000 0.05508685087856051
64000 0.05654065331593871
65000 0.0539759998790369
66000 0.05582272470729448
67000 0.055009580527438956
68000 0.05538054655793931
69000 0.05439576827265649
70000 0.05513692295543615
71000 0.055418984822651736
72000 0.056508606450346825
73000 0.054109653688336305
74000 0.05458461851228494
75000 0.054606168856172
76000 0.05479745868420058
77000 0.053408865210998524
78000 0.05451534886769152
79000 0.05419831752994548
80000 0.05479654162814633
81000 0.05482509878571941
82000 0.055271797510477755
83000 0.054615668515872455
84000 0.054063175139471786
85000 0.05560212090046202
86000 0.05345629370059601
87000 0.05523656326683348
88000 0.054264114913852975
89000 0.05425750472756042
90000 0.055713343105864795
91000 0.05439030819323945
92000 0.053788213468372016
93000 0.05437944959717532
94000 0.054937762600303974
95000 0.05525423516196035
96000 0.05472707502643
97000 0.054533284608385815
98000 0.05357614602275398
