0 0.30195972083186456
1000 0.28235852528584465
2000 0.27028488500842823
3000 0.2611423570753313
4000 0.2508353576812067
5000 0.24709809871109356
6000 0.24151402643970646
7000 0.2406339725897404
8000 0.23673852181459487
9000 0.23324039603897553
10000 0.23193400098826536
11000 0.2304364537843579
12000 0.23019369943282744
13000 0.2274207839779744
14000 0.22607794619341226
15000 0.22682505578726936
16000 0.22279365517147645
17000 0.22451420915434542
18000 0.21910403923184954
19000 0.21785425545564396
20000 0.2145672680588973
21000 0.22133943576889872
22000 0.22000805125474396
23000 0.2156902433651123
24000 0.22082601629584445
25000 0.21685657605865052
26000 0.21927082318178795
27000 0.2178123493232283
28000 0.21606097534441424
29000 0.2187125185138943
30000 0.21455830777551566
31000 0.2163944324225512
32000 0.2175226799908606
33000 0.21602714663794967
34000 0.21650225248605928
35000 0.21526314451050893
36000 0.21230789340681155
37000 0.21024759827379289
38000 0.2147015225812177
39000 0.2122615293085319
40000 0.21215499680748404
41000 0.21396715480827527
42000 0.21307896184685315
43000 0.211218584647012
44000 0.21678162129839723
45000 0.2127174902811678
46000 0.21235128191422742
47000 0.21234355042878647
48000 0.21007232873080905
49000 0.21045423713618383
50000 0.20831331270582068
51000 0.2079150510386915
52000 0.21166001658849531
53000 0.20800659241149055
54000 0.21161660867013402
55000 0.20527448886397193
56000 0.20712857953363897
57000 0.2085601462371107
58000 0.20624892046852825
59000 0.20402498537379518
60000 0.20588116361165118
61000 0.20714572810757464
62000 0.20836644218199152
63000 0.20459738778864772
64000 0.2068619269904304
65000 0.20878828116976422
66000 0.2066020845257407
67000 0.2046161848790299
68000 0.20131266732711814
69000 0.20454193036112545
70000 0.20196084528762268
71000 0.2027088776140828
72000 0.2050186475649103
73000 0.2050080419056518
74000 0.20624121719582342
75000 0.2047279991780835
76000 0.2044945252427248
77000 0.2034103616313604
78000 0.20497695067242144
79000 0.2031155784728262
80000 0.20277850816198664
81000 0.20111905272333871
82000 0.2031023259017557
83000 0.20007818767880867
84000 0.20633964850052647
85000 0.20377850899306107
86000 0.20351981570111627
87000 0.2032254636397402
88000 0.19951387006383456
89000 0.20019211247870838
90000 0.2003578377139969
91000 0.2008801695582366
92000 0.19939223009237986
93000 0.19812323742404586
94000 0.1979395475579684
95000 0.19969044656500654
96000 0.20172481817943239
97000 0.19729932235068873
98000 0.20114979173770364
