0 0.2961133057249313
1000 0.25181391241085177
2000 0.23076107039615232
3000 0.21250406533270522
4000 0.19990940008583014
5000 0.18974758167586006
6000 0.1839770926305975
7000 0.17819501355763281
8000 0.17440819923266418
9000 0.1727954186973469
10000 0.17243356011231323
11000 0.16886065824947882
12000 0.1679627401868528
13000 0.1691343163795648
14000 0.16225222421585525
15000 0.16345228249181598
16000 0.16666880191136144
17000 0.166924946559264
18000 0.16168530088617455
19000 0.16013644350185763
20000 0.1626590416384548
21000 0.15721789622206328
22000 0.16370685736280033
23000 0.16211750149447302
24000 0.16081579316468197
25000 0.16149196772481356
26000 0.16061030395059014
27000 0.16241990247436128
28000 0.16211988570155583
29000 0.16132717639866279
30000 0.1609886583663445
31000 0.16001514139089615
32000 0.1608742331227467
33000 0.16110175968320392
34000 0.15924842000342265
35000 0.1590307393899302
36000 0.15949735359835188
37000 0.16368254327499002
38000 0.16430898860593968
39000 0.16295318782270235
40000 0.16624809661082804
41000 0.1630351843873735
42000 0.16092159340742054
43000 0.1618395605467714
44000 0.16176343607928648
45000 0.16093679560363575
46000 0.16141106141796388
47000 0.16338604966869602
48000 0.16253653822411412
49000 0.1615278669685307
50000 0.1580795542321423
51000 0.16121975305781577
52000 0.16202696699314895
53000 0.16209611429279877
54000 0.16142475325881572
55000 0.15842439170735875
56000 0.15999088891354127
57000 0.16181959750293376
58000 0.16333228933670674
59000 0.16009237349197764
60000 0.16041425843874094
61000 0.15929601699643167
62000 0.16063822386210433
63000 0.16242503179819098
64000 0.16248736754746262
65000 0.1608154014280797
66000 0.16009190948128643
67000 0.1631138363200634
68000 0.1608171852860042
69000 0.16056618083289867
70000 0.1620932444066006
71000 0.16478229185628832
72000 0.16085265116888123
73000 0.16149511709343878
74000 0.16206097571635358
75000 0.1624207190640181
76000 0.16181174142098675
77000 0.1630878546784725
78000 0.16245048676748636
79000 0.16233862290268342
80000 0.16182565794579853
81000 0.16458277239645175
82000 0.16334610841020397
83000 0.15863358320389276
84000 0.16524481837036933
85000 0.16042874548169073
86000 0.15960658390489119
87000 0.16299875539886144
88000 0.1616059732921038
89000 0.16028987045236667
90000 0.16213496194616103
91000 0.16157339173771004
92000 0.16131512950830207
93000 0.1573554840927308
94000 0.16119489816838445
95000 0.15806028464273808
96000 0.16068600581060768
97000 0.1616047910570385
98000 0.16083172656870964
