0 0.3893902982683349
1000 0.3864785375190035
2000 0.3782939544684212
3000 0.3754697464679018
4000 0.3720437261692863
5000 0.37309825116148465
6000 0.37275751130352797
7000 0.3730099393156971
8000 0.3656033492949817
9000 0.3658348431489471
10000 0.3691421666009936
11000 0.3659238348505604
12000 0.3638668826311157
13000 0.36736687477012736
14000 0.3638416581613918
15000 0.3669407194136373
16000 0.363731294434014
17000 0.36513355778748063
18000 0.3639902828734437
19000 0.3606413848921175
20000 0.3654393196964903
21000 0.3657682223561512
22000 0.36320752097858183
23000 0.36458784219768325
24000 0.36295178565379393
25000 0.3645660497603808
26000 0.36869506960134646
27000 0.36542120984367443
28000 0.3685480422236516
29000 0.368251059929191
30000 0.3601384112300536
31000 0.36421402025431143
32000 0.36526822339257914
33000 0.364998291820576
34000 0.3615552335984122
35000 0.36703706822660637
36000 0.36563443078677055
37000 0.3658549099708759
38000 0.3633598848950511
39000 0.36453879306817394
40000 0.3629387713533882
41000 0.3639867374141202
42000 0.366444702023053
43000 0.36508749464683055
44000 0.3653114472915544
45000 0.3648567713575906
46000 0.3649555823878774
47000 0.36538483590373905
48000 0.3666770167612575
49000 0.36248740078375474
50000 0.3590938292136359
51000 0.3607969382703826
52000 0.3635972737515518
53000 0.36466356043281517
54000 0.36227512535968437
55000 0.3613489983171975
56000 0.3581679839762903
57000 0.36553189700803335
58000 0.3665796461380903
59000 0.3602622375177846
60000 0.3589936620243855
61000 0.36294215020574777
62000 0.35993752783646266
63000 0.36661922060120483
64000 0.3603361011179669
65000 0.36414320207201917
66000 0.36479910040684016
67000 0.3605946418631264
68000 0.36349675471033704
69000 0.3641126552495539
70000 0.3629720084229164
71000 0.3606565762491731
72000 0.3638038926445785
73000 0.3621725950279668
74000 0.36188061480128786
75000 0.3598622575914964
76000 0.3600029983011439
77000 0.3607860755296101
78000 0.3591650563107258
79000 0.36887246712779875
80000 0.3676794011930913
81000 0.364658286085123
82000 0.3648290262015448
83000 0.3627187358399999
84000 0.3636516732674754
85000 0.36778274879642475
86000 0.3662303255952979
87000 0.3694363724554788
88000 0.36725706477299724
89000 0.36294905181331105
90000 0.3639768753730644
91000 0.36508053804928925
92000 0.365925207596148
93000 0.3641270343070974
94000 0.3674918369496212
95000 0.3668976993306684
96000 0.36418338141005685
97000 0.36557109278375066
98000 0.3656971068776304
