0 0.3883711602004809
1000 0.38655902420504973
2000 0.38077973577241786
3000 0.3797528415078981
4000 0.379759820582205
5000 0.38072542384902086
6000 0.3795111567858233
7000 0.3745897796258826
8000 0.37420594157557835
9000 0.3795041705284706
10000 0.3748076639182055
11000 0.3745158060796361
12000 0.3783112586326308
13000 0.3759059882183824
14000 0.3769614139912618
15000 0.3734361554679253
16000 0.3761509259316684
17000 0.38066466050236747
18000 0.38003378659582215
19000 0.3771945792448566
20000 0.3786835568390146
21000 0.3810615629915371
22000 0.37428275393229415
23000 0.379577368626367
24000 0.3791318400928469
25000 0.37256480450439405
26000 0.37366227678382685
27000 0.3784569385190541
28000 0.3798023904557057
29000 0.375913757292668
30000 0.3749667752166744
31000 0.3712295916605659
32000 0.3725718943221279
33000 0.374490152633092
34000 0.3723682635464366
35000 0.3766698285124926
36000 0.375700422489121
37000 0.3743642816133698
38000 0.37148257609740193
39000 0.3704168898659014
40000 0.3734520781042939
41000 0.37551844392941186
42000 0.3741948039579512
43000 0.3702677321066159
44000 0.3730225166738018
45000 0.3740082283209283
46000 0.3715077962994387
47000 0.37416243384317593
48000 0.3756765536055366
49000 0.3699074267794462
50000 0.3777107720326967
51000 0.3707279099101414
52000 0.3776978779267359
53000 0.3694636804770778
54000 0.37127850923184424
55000 0.37156798705532046
56000 0.3688444808544073
57000 0.37189236200194126
58000 0.3752433872338811
59000 0.37184110607896764
60000 0.3753467293458017
61000 0.37669290221105584
62000 0.3726810659011484
63000 0.3719889445330447
64000 0.36873584716154234
65000 0.3698152057820294
66000 0.3735309192567996
67000 0.3697787514846195
68000 0.37181034118072076
69000 0.3728666764089782
70000 0.368108838664868
71000 0.37302729493794146
72000 0.3705336741177126
73000 0.3714504254505126
74000 0.3736090308755605
75000 0.36998629253131865
76000 0.3747065904008592
77000 0.37332031377794456
78000 0.3711456185696842
79000 0.3690762689301008
80000 0.37092449109834796
81000 0.3711177939445666
82000 0.37312071871389685
83000 0.36936020263691083
84000 0.36811300573133166
85000 0.3688253672987176
86000 0.3692480335299957
87000 0.36959160036633754
88000 0.36911081415987257
89000 0.3707472004283174
90000 0.3665496882979617
91000 0.37145761681915096
92000 0.3683730680055358
93000 0.3680020954050453
94000 0.37184016822217303
95000 0.3725808268354753
96000 0.3690416494021757
97000 0.3672034194504058
98000 0.3684169672512085
