0 0.2796769409175246
1000 0.24285458192094966
2000 0.21831780123359054
3000 0.20677818663256395
4000 0.1964821424860872
5000 0.185349928651161
6000 0.1859523867027458
7000 0.1803191803031714
8000 0.17497244666843464
9000 0.1702991543057452
10000 0.1671077311234904
11000 0.17146653670142975
12000 0.16921315182983224
13000 0.16341738160414476
14000 0.16765557153301475
15000 0.1664510160919279
16000 0.16504175773919996
17000 0.16454500657949506
18000 0.16280071416372566
19000 0.1634216964468093
20000 0.16360515983401355
21000 0.16219664937403838
22000 0.1639727955504285
23000 0.16143106872578705
24000 0.16432755759173798
25000 0.16269739570789457
26000 0.16166403134281926
27000 0.1593236961943078
28000 0.16238526668452377
29000 0.16110335570046416
30000 0.1620674210208659
31000 0.1615898738247741
32000 0.15843982424531133
33000 0.15939698731072113
34000 0.16114395427319156
35000 0.1616101607986992
36000 0.16293613528109713
37000 0.16166011168494154
38000 0.16234089392851275
39000 0.1576895030147671
40000 0.15991288613874896
41000 0.16382271209334787
42000 0.16369043964334737
43000 0.1610176795698321
44000 0.1622877132287595
45000 0.1600134637624087
46000 0.1596592037548562
47000 0.16034270662200228
48000 0.15698786167621753
49000 0.16073995405117716
50000 0.15946418973766885
51000 0.15705714901864135
52000 0.16078947161472407
53000 0.1628362495689252
54000 0.16409400831135346
55000 0.16117482319986567
56000 0.1612011191211412
57000 0.15959072676194908
58000 0.16479214734386802
59000 0.16114152052709652
60000 0.1596433928389861
61000 0.16015434961388977
62000 0.16004025054870713
63000 0.16059504072336456
64000 0.1622997960949577
65000 0.1593937340402232
66000 0.16194228405316366
67000 0.16316172200295853
68000 0.16085365024585374
69000 0.16097292963641902
70000 0.1636297935522338
71000 0.1619580246147906
72000 0.16233134060768836
73000 0.1605649543592873
74000 0.15724018432542214
75000 0.1588401640381391
76000 0.1617586823845495
77000 0.15904013334481884
78000 0.15688185625633025
79000 0.15945207187139832
80000 0.16104055076705112
81000 0.16325766082068163
82000 0.15900834953199858
83000 0.15987782609825174
84000 0.16021145749999433
85000 0.15924617827438348
86000 0.16198799353541754
87000 0.16067605875898178
88000 0.1605982008120919
89000 0.1587718454041824
90000 0.1571737450139117
91000 0.16056839009251622
92000 0.1567938786401578
93000 0.15905149688888703
94000 0.16176585440325172
95000 0.15882809796645186
96000 0.1585741360394511
97000 0.16142806623265238
98000 0.15920230641518204
