0 0.19784499821807322
1000 0.13196645320814013
2000 0.1103855643941642
3000 0.0997759103163359
4000 0.0951468939849751
5000 0.09090204180167985
6000 0.08678311940362134
7000 0.08488540657755156
8000 0.08439028079114715
9000 0.08110456127742229
10000 0.08085600113208948
11000 0.08032063941920216
12000 0.07991085865104346
13000 0.07993755464121957
14000 0.07906807939816154
15000 0.07716015363414293
16000 0.076020083600317
17000 0.07782309856059708
18000 0.07512282659466338
19000 0.07679961149393423
20000 0.07550938436879813
21000 0.07646515375557099
22000 0.0759555698492476
23000 0.07526972954994496
24000 0.0736241819494521
25000 0.07305731691333123
26000 0.0714899072939137
27000 0.07090628490040186
28000 0.07279223526163235
29000 0.07190678015205763
30000 0.07334255987666104
31000 0.07172084406680873
32000 0.07317032634850623
33000 0.07211525668991993
34000 0.07105379646435045
35000 0.0691866260021686
36000 0.07145318404625219
37000 0.07119079178340951
38000 0.07235786939229802
39000 0.07116786904695133
40000 0.07097272742974224
41000 0.07078375294547155
42000 0.07067457443884362
43000 0.07093379544928992
44000 0.07045692086787887
45000 0.06944845718583696
46000 0.07049697471403117
47000 0.07105550196632002
48000 0.06944456111121913
49000 0.06875973870831789
50000 0.06814888623282415
51000 0.06842046026081083
52000 0.06953275391157356
53000 0.06884643578581082
54000 0.06998473892771848
55000 0.06726250224583576
56000 0.0693254250803828
57000 0.0690127379153681
58000 0.06798367836054803
59000 0.06731900094986107
60000 0.06654184000703543
61000 0.06849366115936331
62000 0.06923883297859518
63000 0.0676084779955412
64000 0.06765929514681035
65000 0.06820173637205751
66000 0.06770208274307775
67000 0.06758727781577113
68000 0.06687574057139897
69000 0.06657854102945718
70000 0.06732371840176846
71000 0.06673562698904148
72000 0.06692787127742529
73000 0.0677790201466863
74000 0.0680438826244615
75000 0.06687424455375339
76000 0.0664464026357173
77000 0.06693031222642111
78000 0.0669669301155125
79000 0.0652206591447656
80000 0.06514555095839372
81000 0.06571285825549203
82000 0.06519610747620373
83000 0.06694083590941681
84000 0.06629189970455561
85000 0.06520684911078956
86000 0.06567305360268974
87000 0.0646713739392904
88000 0.06626883343824504
89000 0.06518615535284805
90000 0.06567053931455633
91000 0.0637197685949547
92000 0.06558931222824993
93000 0.06580863466069045
94000 0.06516352630777177
95000 0.06681834615095975
96000 0.06487654282944298
97000 0.0652123224896197
98000 0.06292355504142573
