0 0.22120851771275776
1000 0.2016734832313733
2000 0.19483144471822392
3000 0.1903590106095637
4000 0.18967117270472694
5000 0.1826906972630603
6000 0.1807634048239257
7000 0.18050134657652084
8000 0.17721252772719245
9000 0.17792462430898653
10000 0.1789775247257818
11000 0.17721278192671433
12000 0.1767165833064616
13000 0.17622781084577427
14000 0.17895708062002907
15000 0.17834620450145594
16000 0.17788240950378864
17000 0.17739740977317953
18000 0.18016470026430842
19000 0.17717175580881822
20000 0.17888566078283943
21000 0.17521265081727644
22000 0.176174529504491
23000 0.1753680476465973
24000 0.1754206462310286
25000 0.17553959864430993
26000 0.17754812082973406
27000 0.17753655976677113
28000 0.17683835278533067
29000 0.17697399732423671
30000 0.17634651110407837
31000 0.17796442390087427
32000 0.17782977278095388
33000 0.1774017448929261
34000 0.1760458833403073
35000 0.17733259188971062
36000 0.17518563935985154
37000 0.17900249034389543
38000 0.17541778540055541
39000 0.17803239093156983
40000 0.17789709617130164
41000 0.17684301403800734
42000 0.17842303858829658
43000 0.17642045288439415
44000 0.17993370125208977
45000 0.17381443423548074
46000 0.17689692032995566
47000 0.1751219558926663
48000 0.17574959678397564
49000 0.17315310910007284
50000 0.17270814738927143
51000 0.17702545271330775
52000 0.17399870168579426
53000 0.17640119984204067
54000 0.17743788310520472
55000 0.1762416847575508
56000 0.17526808503690922
57000 0.17934306236115177
58000 0.17649911186626327
59000 0.17462099757290742
60000 0.1749542765492055
61000 0.17750214481875878
62000 0.17923731446306154
63000 0.17919534158275957
64000 0.17969247731628016
65000 0.17593698961590667
66000 0.17546322255919836
67000 0.1762230896901401
68000 0.1775761602063853
69000 0.1765931760192823
70000 0.1764563787255347
71000 0.17763217753632676
72000 0.17737304890335298
73000 0.1749506308967481
74000 0.17965014933730306
75000 0.1765577762910335
76000 0.17911883305877133
77000 0.18183211491528328
78000 0.17351121861418276
79000 0.1765717083695926
80000 0.17411195581428507
81000 0.175259019128262
82000 0.17530220875899716
83000 0.17406032864865634
84000 0.17969348727539422
85000 0.17636829773994633
86000 0.17816231866480378
87000 0.17496428521956095
88000 0.17681637811917553
89000 0.180200921320436
90000 0.17821929168201334
91000 0.17764572714567897
92000 0.17737200242225618
93000 0.17774777174705012
94000 0.1777903553045863
95000 0.17747908467370654
96000 0.17858235174252182
97000 0.17776846255275777
98000 0.17786367411993853
