0 0.19232575551975148
1000 0.12729934569959736
2000 0.10562639233645393
3000 0.0952088517489485
4000 0.0892865923775132
5000 0.08441567139677213
6000 0.08196374539998263
7000 0.07902016028405529
8000 0.07827423884556091
9000 0.07746161922568129
10000 0.07518758193636964
11000 0.07329290213102864
12000 0.07278270751493529
13000 0.07241088219485087
14000 0.07167730907855757
15000 0.06794057007538527
16000 0.07026169087670349
17000 0.06961030413641135
18000 0.06743786172303615
19000 0.06768457532179868
20000 0.06728935358556183
21000 0.0674090583153459
22000 0.06840306825154586
23000 0.06672385352601772
24000 0.06654090259823278
25000 0.06547075630429833
26000 0.0648452321774163
27000 0.06593224182854125
28000 0.06529600234151216
29000 0.06413440896871829
30000 0.06469863767288786
31000 0.06515464587298908
32000 0.0646183233296215
33000 0.06267536138479719
34000 0.06268527557776941
35000 0.06236027581881636
36000 0.06285438695995592
37000 0.062309270711082526
38000 0.062184808828225344
39000 0.06259342239300142
40000 0.06252559601267067
41000 0.06160728433592845
42000 0.061619428384784014
43000 0.061372309188763595
44000 0.0617491806938357
45000 0.06171610368618878
46000 0.061091692733963913
47000 0.061441758999259986
48000 0.061994291747360576
49000 0.0610082651796143
50000 0.05981042872906357
51000 0.06049402310179315
52000 0.061519266352153414
53000 0.060332000816019284
54000 0.061236593325907134
55000 0.06034969777089956
56000 0.060205932988944874
57000 0.06066825335033773
58000 0.059137773630926926
59000 0.05999428664753727
60000 0.05939158282384418
61000 0.05974272195967021
62000 0.05916225756260308
63000 0.059166191016343087
64000 0.05976881953545687
65000 0.05931364974920719
66000 0.05811475050042553
67000 0.058607764329025744
68000 0.06023644799856421
69000 0.05817871829255131
70000 0.05820636507179978
71000 0.059060419447362816
72000 0.0579408543277253
73000 0.05841146373823806
74000 0.05872126233539965
75000 0.058402408297516493
76000 0.058741735173804564
77000 0.05689516721127117
78000 0.057487992713879006
79000 0.05864298718715844
80000 0.057897924426860675
81000 0.057663518601302435
82000 0.05708485454538719
83000 0.05752397747037479
84000 0.0578372976653637
85000 0.05733385376765823
86000 0.05886510623343386
87000 0.05839996368144964
88000 0.058596096783009394
89000 0.056895815011970344
90000 0.057735179392787245
91000 0.057649420083256644
92000 0.056554481405586346
93000 0.05699695256120749
94000 0.05689607721643799
95000 0.05647517364754802
96000 0.05821906977854813
97000 0.05833941320916727
98000 0.05848881967000031
