0 0.32996346836399826
1000 0.3016019672548144
2000 0.2874026221782893
3000 0.2788422030452187
4000 0.2625200038480625
5000 0.25983286682237156
6000 0.25243172686582216
7000 0.24303075978632926
8000 0.2421615581742889
9000 0.2416828940219472
10000 0.238002986337821
11000 0.23409404710853068
12000 0.23482876253212467
13000 0.23666787910247555
14000 0.23685371190277546
15000 0.2359693776157327
16000 0.23383330677369452
17000 0.23366572023724225
18000 0.22952971832446947
19000 0.23301342647532292
20000 0.234097144076732
21000 0.2289157218135485
22000 0.22878571973282988
23000 0.22619787427360286
24000 0.23146164148744672
25000 0.23134199386618332
26000 0.22893265955168673
27000 0.22998565869622226
28000 0.23132591979809952
29000 0.2307547898657275
30000 0.2291801543519104
31000 0.22907727619360638
32000 0.22730586362212654
33000 0.2272061211973098
34000 0.22639322497462952
35000 0.22700474782951283
36000 0.23211140611237988
37000 0.2248229935416594
38000 0.2253872403919884
39000 0.22634017313369667
40000 0.22861979042327313
41000 0.22988877518788045
42000 0.22977801402939718
43000 0.22902242445413407
44000 0.22411874866475703
45000 0.22659858681847428
46000 0.22435841896814704
47000 0.22502682847953026
48000 0.22494599283254071
49000 0.22599464554356782
50000 0.22835178196675762
51000 0.22985532319053206
52000 0.22377348576269412
53000 0.22543513915184857
54000 0.22444675229076216
55000 0.22639052661847273
56000 0.2251272562994431
57000 0.22693667529486944
58000 0.22698269392552423
59000 0.22555288628169592
60000 0.22738382726744352
61000 0.2261067405849324
62000 0.2292901655912284
63000 0.22318818542279278
64000 0.2288443101169985
65000 0.22654526867830926
66000 0.22888670389237936
67000 0.22555702861612262
68000 0.22480113485005057
69000 0.2225798351745471
70000 0.22589260036847056
71000 0.2253530362760864
72000 0.22791240390780682
73000 0.22622892873246314
74000 0.22032489241980346
75000 0.2233736846327737
76000 0.22369262472857548
77000 0.22213718149083395
78000 0.22131229317647957
79000 0.22276917300967555
80000 0.22953034801549868
81000 0.22617433138535778
82000 0.22593564607611125
83000 0.2255766380896041
84000 0.2230618261873937
85000 0.22590692737609383
86000 0.22406479282652483
87000 0.22104003417862333
88000 0.2226933511422045
89000 0.22675055854479959
90000 0.22348359742875185
91000 0.22341108559293424
92000 0.22333828306370254
93000 0.22425976245436233
94000 0.2234464970174583
95000 0.22288050699124057
96000 0.22631091982001514
97000 0.2212731631914733
98000 0.22136922443586002
