0 0.28918898335472887
1000 0.25945546208448134
2000 0.2339677903838367
3000 0.22457362789733368
4000 0.20793452185094044
5000 0.20428702544544428
6000 0.1969224507824451
7000 0.1883531386756642
8000 0.1881462176572325
9000 0.18413564220739556
10000 0.181797739236222
11000 0.18289102826835
12000 0.17719512920734562
13000 0.17701323794951476
14000 0.17564104728997104
15000 0.18043707235253437
16000 0.1748033429788243
17000 0.17426577285354092
18000 0.17275677951982518
19000 0.1712747157642942
20000 0.17229321936460248
21000 0.1714925274207258
22000 0.17313288578615407
23000 0.17419328772111173
24000 0.17517089871661945
25000 0.17126626670751866
26000 0.1730884757160279
27000 0.17036156344667838
28000 0.1716733638356886
29000 0.1704226293818925
30000 0.17298012155965575
31000 0.17115977096296525
32000 0.17012789559358318
33000 0.1687467212287646
34000 0.1703066080967222
35000 0.17377175245512425
36000 0.17462091614010988
37000 0.17090294936210237
38000 0.1684783766205333
39000 0.17264615866882999
40000 0.1696409645830081
41000 0.1757090125600907
42000 0.17120341153144242
43000 0.17146673854537042
44000 0.1744859553694749
45000 0.1750434490791287
46000 0.16933940247291623
47000 0.16766780127560968
48000 0.16719357433625187
49000 0.17068961890575296
50000 0.16734878566952802
51000 0.17151176115511962
52000 0.17276619301827015
53000 0.17243237962996433
54000 0.1691562304249015
55000 0.172812644384183
56000 0.16778884013956524
57000 0.16972586777229523
58000 0.17045523538455104
59000 0.16795638672152463
60000 0.1672836189442714
61000 0.16923752305226616
62000 0.1671152970065384
63000 0.17142825890093707
64000 0.1695675220409071
65000 0.16865706272197553
66000 0.1731593838409324
67000 0.1645975201108036
68000 0.17029259856547957
69000 0.1699270563727715
70000 0.1682846838693832
71000 0.17002603650468534
72000 0.1679137722889763
73000 0.16708989595965174
74000 0.16706649288666475
75000 0.1687048966906365
76000 0.16897893826352678
77000 0.1641717559909733
78000 0.17003887015780353
79000 0.16527711845874093
80000 0.16721767097542353
81000 0.1704241118856088
82000 0.16624337151393356
83000 0.16967520524203208
84000 0.1663612756433043
85000 0.17129660376621658
86000 0.16591717000575606
87000 0.16886016969959683
88000 0.16761584306790994
89000 0.16583411885573973
90000 0.1694096216627849
91000 0.16794633263081465
92000 0.16757598583258357
93000 0.16869413948224746
94000 0.16608862695773186
95000 0.16634282225877992
96000 0.16539480954724145
97000 0.1648460317539349
98000 0.16489985794881246
