0.3162 1e-09 1668.43
0.3162 1e-06 1547.58
0.3162 3.162e-09 1674.47
0.3162 3.162e-07 1637.14
0.3162 3.162e-08 1633.98
0.3162 1e-08 1659.39
0.3162 1e-07 1636.81
0.3162 0.0 1651.01
0.0003162 3.162e-09 2679.08
0.0003162 1e-08 2592.31
0.0003162 1e-09 2536.14
0.0003162 1e-07 1869.6
0.0003162 0.0 2510.93
0.0003162 3.162e-08 2504.35
0.0003162 1e-06 161.14
0.0003162 3.162e-07 819.92
1e-05 1e-06 155.24
1e-05 0.0 2874.04
1e-05 3.162e-08 2818.97
1e-05 1e-07 2135.26
1e-05 1e-08 2863.91
1e-05 3.162e-09 2804.62
1e-05 3.162e-07 719.28
1e-05 1e-09 2815.52
0.03162 3.162e-07 1589.9
0.03162 1e-06 1405.76
0.03162 1e-09 1656.79
0.03162 0.0 1645.12
0.03162 3.162e-08 1766.4
0.03162 3.162e-09 1724.72
0.03162 1e-08 1696.37
0.03162 1e-07 1589.49
0.1 3.162e-08 1658.06
0.1 3.162e-09 1703.23
0.1 1e-06 1524.62
0.1 3.162e-07 1603.69
0.1 1e-07 1673.82
0.1 0.0 1708.31
0.1 1e-08 1735.83
0.1 1e-09 1655.03
3.162e-05 3.162e-08 2713.03
3.162e-05 1e-06 159.21
3.162e-05 1e-09 2820.67
3.162e-05 1e-08 2929.19
3.162e-05 3.162e-09 2892.43
3.162e-05 3.162e-07 653.62
3.162e-05 0.0 2779.16
3.162e-05 1e-07 1953.99
0.0 1e-08 2803.76
0.0 1e-09 2935.37
0.0 1e-07 2104.11
0.0 1e-06 144.86
0.0 3.162e-07 756.0
0.0 3.162e-09 2824.77
0.0 0.0 2907.09
0.0 3.162e-08 2830.46
0.0001 1e-09 2804.14
0.0001 1e-07 2076.12
0.0001 3.162e-09 2661.84
0.0001 1e-08 2763.94
0.0001 1e-06 197.49
0.0001 0.0 2794.74
0.0001 3.162e-08 2644.59
0.0001 3.162e-07 777.98
0.003162 3.162e-07 1124.82
0.003162 1e-06 481.83
0.003162 1e-07 1510.65
0.003162 3.162e-09 1607.54
0.003162 0.0 1611.51
0.003162 1e-08 1845.25
0.003162 3.162e-08 1567.09
0.003162 1e-09 1667.59
0.001 3.162e-07 800.7
0.001 1e-07 1689.0
0.001 1e-08 1973.16
0.001 1e-09 1967.33
0.001 0.0 2275.34
0.001 1e-06 251.22
0.001 3.162e-08 2052.98
0.001 3.162e-09 2181.86
0.01 3.162e-08 1581.63
0.01 3.162e-07 1393.64
0.01 3.162e-09 1641.25
0.01 1e-08 1640.25
0.01 1e-06 1014.13
0.01 1e-07 1559.12
0.01 1e-09 1518.26
0.01 0.0 1540.94
1.0 0.0 1569.71
1.0 3.162e-09 1588.33
1.0 1e-08 1557.25
1.0 1e-07 1565.0
1.0 3.162e-08 1579.27
1.0 1e-09 1568.55
1.0 1e-06 1571.48
1.0 3.162e-07 1554.67
