0.3162 1e-09 1.0
0.3162 1e-06 1.0
0.3162 3.162e-09 1.0
0.3162 3.162e-07 1.0
0.3162 3.162e-08 1.0
0.3162 1e-08 1.0
0.3162 1e-07 1.0
0.3162 0.0 1.0
0.0003162 3.162e-09 0.9982
0.0003162 1e-08 1.0
0.0003162 1e-09 0.99875
0.0003162 1e-07 1.0
0.0003162 0.0 1.0
0.0003162 3.162e-08 1.0
0.0003162 1e-06 0.8440000000000001
0.0003162 3.162e-07 0.9951000000000001
1e-05 1e-06 0.79815
1e-05 0.0 1.0
1e-05 3.162e-08 1.0
1e-05 1e-07 1.0
1e-05 1e-08 1.0
1e-05 3.162e-09 1.0
1e-05 3.162e-07 0.9968
1e-05 1e-09 1.0
0.03162 3.162e-07 1.0
0.03162 1e-06 1.0
0.03162 1e-09 1.0
0.03162 0.0 1.0
0.03162 3.162e-08 1.0
0.03162 3.162e-09 1.0
0.03162 1e-08 1.0
0.03162 1e-07 1.0
0.1 3.162e-08 1.0
0.1 3.162e-09 1.0
0.1 1e-06 1.0
0.1 3.162e-07 1.0
0.1 1e-07 1.0
0.1 0.0 1.0
0.1 1e-08 1.0
0.1 1e-09 1.0
3.162e-05 3.162e-08 1.0
3.162e-05 1e-06 0.8342499999999999
3.162e-05 1e-09 1.0
3.162e-05 1e-08 1.0
3.162e-05 3.162e-09 1.0
3.162e-05 3.162e-07 0.99515
3.162e-05 0.0 1.0
3.162e-05 1e-07 1.0
0.0 1e-08 1.0
0.0 1e-09 1.0
0.0 1e-07 1.0
0.0 1e-06 0.8078
0.0 3.162e-07 0.9965
0.0 3.162e-09 1.0
0.0 0.0 1.0
0.0 3.162e-08 1.0
0.0001 1e-09 1.0
0.0001 1e-07 1.0
0.0001 3.162e-09 1.0
0.0001 1e-08 1.0
0.0001 1e-06 0.8319
0.0001 0.0 1.0
0.0001 3.162e-08 1.0
0.0001 3.162e-07 0.99335
0.003162 3.162e-07 0.9945499999999999
0.003162 1e-06 0.9826
0.003162 1e-07 1.0
0.003162 3.162e-09 1.0
0.003162 0.0 1.0
0.003162 1e-08 1.0
0.003162 3.162e-08 0.9990000000000001
0.003162 1e-09 0.9940000000000001
0.001 3.162e-07 0.9975
0.001 1e-07 1.0
0.001 1e-08 1.0
0.001 1e-09 1.0
0.001 0.0 1.0
0.001 1e-06 0.9307
0.001 3.162e-08 1.0
0.001 3.162e-09 1.0
0.01 3.162e-08 1.0
0.01 3.162e-07 1.0
0.01 3.162e-09 1.0
0.01 1e-08 1.0
0.01 1e-06 1.0
0.01 1e-07 1.0
0.01 1e-09 1.0
0.01 0.0 1.0
1.0 0.0 1.0
1.0 3.162e-09 1.0
1.0 1e-08 1.0
1.0 1e-07 1.0
1.0 3.162e-08 1.0
1.0 1e-09 1.0
1.0 1e-06 1.0
1.0 3.162e-07 1.0
